3.3244543075561523
-5.021004676818848
-5.962442874908447
4.295312404632568
-4.60912561416626
-7.011754512786865
5.158297538757324
-2.677215337753296
-7.050981044769287
5.226944446563721
-3.1381278038024902
-7.482473850250244
5.6584367752075195
-3.275420904159546
-7.453053951263428
9.13979721069336
-6.452775478363037
-8.56120491027832
1.9613299369812012
-11.199193954467773
-4.550285339355469
-0.24516624212265015
-9.129990577697754
-0.6080122590065002
7.00194787979126
-12.287732124328613
-3.1871612071990967
3.62846040725708
-6.4821953773498535
-2.8145084381103516
5.619210243225098
-6.089929580688477
-2.824315071105957
6.237029075622559
-9.463417053222656
-2.226109504699707
3.6971070766448975
-7.570733547210693
-3.1185145378112793
4.050146579742432
-9.728196144104004
-2.9812214374542236
5.5113372802734375
-7.845319747924805
-1.8730701208114624
6.325289249420166
-9.208444595336914
-2.30456280708313
4.962164878845215
-8.296425819396973
-1.3533176183700562
5.756503582000732
-10.993254661560059
-1.5200307369232178
5.707469940185547
-11.856239318847656
-1.0983448028564453
3.854013442993164
-11.61107349395752
-2.059396505355835
2.9419949054718018
-11.414939880371094
-4.1089863777160645
5.119071006774902
-9.561483383178711
-2.2359161376953125
3.5402004718780518
-9.071150779724121
-2.147656202316284
4.726805210113525
-10.404855728149414
-4.628738880157471
3.049868106842041
-6.854848384857178
-3.8049800395965576
3.314647674560547
-5.119071006774902
-4.354152679443359
3.216581106185913
-3.8442068099975586
-4.805258274078369
2.5203089714050293
-3.147934675216675
-5.275977611541748
3.775560140609741
-3.589233875274658
-6.648908615112305
4.491445541381836
-3.2263877391815186
-8.188552856445313
5.168104648590088
-5.481917381286621
-6.452775478363037
6.717555046081543
-15.60237979888916
-16.592851638793945
3.069481372833252
-5.962442874908447
-4.050146579742432
4.314925670623779
-8.090486526489258
-2.677215337753296
4.71699857711792
-10.718667984008789
-2.7458620071411133
2.9518015384674072
-5.7368903160095215
-2.1770763397216797
6.923494815826416
-7.992419719696045
-2.3339827060699463
4.138406276702881
-7.5315070152282715
-2.7164418697357178
4.344346046447754
-8.296425819396973
-3.1381278038024902
5.364237308502197
-7.698220252990723
-2.8341217041015625
4.991584777832031
-7.845319747924805
-2.510502338409424
6.364515781402588
-9.012310981750488
-1.81423020362854
5.697663307189941
-10.855960845947266
-0.6766588091850281
4.216859340667725
-13.837182998657227
-0.40207263827323914
2.5889556407928467
-14.043122291564941
-3.9226598739624023
4.422799110412598
-9.620323181152344
-4.873904705047607
6.756781578063965
-8.394492149353027
-1.6769371032714844
4.0305328369140625
-9.561483383178711
-3.4715540409088135
4.059953212738037
-8.610238075256348
-3.6578803062438965
1.6769371032714844
-7.5118937492370605
-4.726805210113525
4.059953212738037
-6.452775478363037
-4.324732780456543
2.765475273132324
-4.844484806060791
-4.952358245849609
2.451662540435791
-3.8834333419799805
-5.344624042510986
3.1577413082122803
-3.7167203426361084
-5.91340970993042
5.648630142211914
-3.9913065433502197
-6.786201477050781
6.393935680389404
-4.844484806060791
-7.49228048324585
3.3734874725341797
-6.158576011657715
-4.246279239654541
8.894631385803223
-19.534847259521484
8.698498725891113
1.0002782344818115
-3.402907371520996
-0.7747253179550171
6.070316314697266
-11.405133247375488
-1.2160245180130005
4.177632808685303
-6.943108081817627
-2.2163028717041016
4.128599643707275
-6.639101982116699
-2.020169734954834
5.893796443939209
-8.590624809265137
-2.4026291370391846
3.6774935722351074
-8.208166122436523
-1.8436501026153564
4.334539413452148
-8.394492149353027
-2.736055374145508
5.099457740783691
-7.678606986999512
-2.1182363033294678
6.462582111358643
-8.325845718383789
-2.0888164043426514
4.893518447875977
-10.551955223083496
-2.1966896057128906
3.8245933055877686
-12.493671417236328
-2.3143694400787354
5.168104648590088
-13.6410493850708
-2.226109504699707
4.540478706359863
-9.983169555664063
-4.197246074676514
6.393935680389404
-9.257477760314941
-2.098623037338257
3.7853667736053467
-9.973362922668457
-3.50097393989563
5.226944446563721
-8.551398277282715
-3.7363336086273193
1.8730701208114624
-6.668521881103516
-4.962164878845215
4.589511871337891
-6.119349479675293
-4.383572578430176
3.3538742065429688
-3.9226598739624023
-4.638545513153076
2.618375539779663
-3.1577413082122803
-5.040617942810059
4.099179744720459
-3.648073673248291
-6.492002010345459
4.442412376403809
-3.442134141921997
-7.1490478515625
5.982056140899658
-4.71699857711792
-7.217694282531738
6.099736213684082
-13.690083503723145
-12.042566299438477
3.4127140045166016
-6.776394844055176
-4.2364726066589355
4.599318504333496
-8.14932632446289
-3.7657535076141357
4.756225109100342
-9.983169555664063
-2.637988805770874
3.03025484085083
-7.374600410461426
-2.5889556407928467
5.530950546264648
-7.953193187713623
-2.6870219707489014
4.766031742095947
-7.776673316955566
-1.618097186088562
3.314647674560547
-8.423912048339844
-2.4026291370391846
4.344346046447754
-8.002225875854492
-2.5203089714050293
4.334539413452148
-8.208166122436523
-2.4810824394226074
5.148490905761719
-8.512171745300293
-2.9419949054718018
7.070594310760498
-9.286897659301758
-1.5200307369232178
4.422799110412598
-13.984282493591309
-2.000556468963623
4.442412376403809
-12.385798454284668
-1.7455836534500122
3.6382670402526855
-11.297260284423828
-2.90276837348938
4.991584777832031
-10.257755279541016
-6.325289249420166
4.991584777832031
-9.512450218200684
-0.6080122590065002
4.167826175689697
-8.600431442260742
-4.4620256423950195
2.8145084381103516
-8.472945213317871
-3.255807638168335
3.236194372177124
-6.9136881828308105
-4.589511871337891
3.0792880058288574
-5.0602312088012695
-4.932744979858398
2.471275806427002
-3.7657535076141357
-4.599318504333496
2.079009771347046
-3.8638200759887695
-6.148769378662109
3.295034408569336
-3.295034408569336
-6.4821953773498535
5.629016876220703
-4.265892505645752
-7.590346813201904
3.383294105529785
-5.521143913269043
-6.099736213684082
8.600431442260742
-19.534847259521484
-7.286340713500977
4.167826175689697
-4.285505771636963
-4.952358245849609
3.4323275089263916
-9.23786449432373
-2.0103631019592285
3.8245933055877686
-8.924051284790039
-2.804701805114746
5.834956645965576
-6.1095428466796875
-2.1084296703338623
5.550563812255859
-8.72791862487793
-2.3339827060699463
3.1381278038024902
-8.521978378295898
-2.324176073074341
4.010919570922852
-8.571011543273926
-2.1182363033294678
4.667965412139893
-8.708305358886719
-2.5693421363830566
4.97197151184082
-8.296425819396973
-1.667130470275879
6.217415809631348
-9.45361042022705
-1.9515233039855957
5.109264373779297
-10.502922058105469
-1.206217885017395
3.9422731399536133
-12.542704582214355
-1.7553902864456177
3.8834333419799805
-13.542983055114746
-2.90276837348938
3.6186537742614746
-11.061901092529297
-3.442134141921997
4.511058807373047
-9.502643585205078
-3.2460010051727295
4.6875786781311035
-9.32612419128418
-2.0495898723602295
4.314925670623779
-9.090764045715332
-4.11879301071167
3.334260940551758
-7.276534080505371
-3.726526975631714
3.314647674560547
-5.9036030769348145
-4.4816389083862305
2.5889556407928467
-3.9814999103546143
-4.677772045135498
2.2947559356689453
-3.50097393989563
-4.942551612854004
4.059953212738037
-3.9814999103546143
-6.746974945068359
4.344346046447754
-3.363680839538574
-7.168661117553711
5.697663307189941
-3.873626708984375
-8.100293159484863
3.4519407749176025
-4.864098072052002
-5.6584367752075195
8.825984954833984
-15.023787498474121
-5.246557712554932
1.7063570022583008
-4.942551612854004
-3.295034408569336
6.089929580688477
-12.91535758972168
-3.4519407749176025
2.9125750064849854
-7.472667217254639
-2.7262487411499023
4.540478706359863
-7.443247318267822
-2.1182363033294678
5.776116847991943
-7.9826130867004395
-1.833843469619751
4.314925670623779
-7.678606986999512
-2.265336036682129
3.4127140045166016
-8.384685516357422
-2.5889556407928467
4.2560858726501465
-8.110099792480469
-2.6674087047576904
5.452497482299805
-7.85512638092041
-2.1378495693206787
6.4821953773498535
-8.83579158782959
-2.079009771347046
5.668243408203125
-9.83607006072998
-2.1280429363250732
4.177632808685303
-11.405133247375488
-2.30456280708313
5.923216342926025
-13.052650451660156
-0.47071918845176697
2.9518015384674072
-11.915079116821289
-3.8834333419799805
4.059953212738037
-9.718389511108398
-4.403185844421387
5.187717914581299
-9.110377311706543
-1.0591181516647339
3.6774935722351074
-9.022117614746094
-3.461747407913208
2.147656202316284
-8.953471183776855
-3.4323275089263916
3.520587205886841
-8.502365112304688
-4.511058807373047
4.148212909698486
-6.364515781402588
-4.667965412139893
3.3931007385253906
-5.099457740783691
-5.128877639770508
2.6674087047576904
-4.511058807373047
-5.501530647277832
3.363680839538574
-4.6875786781311035
-5.923216342926025
3.0792880058288574
-4.246279239654541
-6.4821953773498535
5.403463840484619
-4.216859340667725
-7.766866683959961
4.22666597366333
-3.687300205230713
-5.864376544952393
10.14007568359375
-19.221033096313477
-8.374878883361816
3.589233875274658
-4.97197151184082
-4.422799110412598
3.0400614738464355
-7.5118937492370605
-1.833843469619751
3.2656142711639404
-10.855960845947266
-3.0989012718200684
2.991028070449829
-6.65871524810791
-2.5301156044006348
6.040896415710449
-8.325845718383789
-2.6085689067840576
4.648352146148682
-7.74725341796875
-2.039783239364624
3.9520797729492188
-8.629851341247559
-2.637988805770874
3.9422731399536133
-8.74753189086914
-2.510502338409424
4.932744979858398
-8.355265617370605
-2.28494930267334
5.5113372802734375
-9.267284393310547
-2.0495898723602295
5.766310214996338
-9.43399715423584
-2.167269706726074
5.91340970993042
-10.54214859008789
-1.8436501026153564
4.795451641082764
-14.239255905151367
-1.2748644351959229
3.255807638168335
-12.375991821289063
-3.932466506958008
5.128877639770508
-9.747809410095215
-5.697663307189941
5.109264373779297
-8.600431442260742
-0.14709974825382233
4.285505771636963
-9.188830375671387
-4.422799110412598
2.7262487411499023
-7.560926914215088
-3.4911673069000244
3.4715540409088135
-7.070594310760498
-4.167826175689697
3.147934675216675
-5.991862773895264
-5.089651107788086
2.7164418697357178
-4.383572578430176
-4.658158779144287
2.765475273132324
-4.56989860534668
-5.530950546264648
3.648073673248291
-4.295312404632568
-6.825428009033203
5.0602312088012695
-3.932466506958008
-7.4040207862854
5.413270473480225
-4.128599643707275
-7.198081016540527
4.452219009399414
-10.091042518615723
-14.190221786499023
3.912853240966797
-7.972806453704834
-6.65871524810791
2.167269706726074
-6.492002010345459
-2.9321882724761963
5.040617942810059
-11.807206153869629
-3.1283211708068848
3.648073673248291
-6.433162212371826
-2.451662540435791
5.57017707824707
-8.159132957458496
-1.9711365699768066
4.344346046447754
-8.100293159484863
-2.226109504699707
3.932466506958008
-8.443525314331055
-1.980943202972412
4.285505771636963
-8.217972755432129
-2.7458620071411133
4.8542914390563965
-8.012032508850098
-2.020169734954834
5.31520414352417
-8.669078826904297
-2.5497288703918457
5.874183177947998
-9.600709915161133
-1.9319100379943848
4.922938346862793
-12.69961166381836
-2.0888164043426514
5.4328837394714355
-13.945055961608887
-2.059396505355835
4.4816389083862305
-10.934414863586426
-3.3538742065429688
5.158297538757324
-9.483030319213867
-5.158297538757324
4.4816389083862305
-9.5418701171875
-0.8629851937294006
5.236751079559326
-8.992697715759277
-4.422799110412598
2.677215337753296
-7.580540180206299
-3.2852277755737305
2.785088539123535
-5.374043941497803
-4.216859340667725
3.0204482078552246
-5.138684272766113
-4.71699857711792
2.559535503387451
-4.197246074676514
-4.638545513153076
3.5303938388824463
-4.775838375091553
-6.001669883728027
5.109264373779297
-4.285505771636963
-6.903881549835205
4.795451641082764
-3.1185145378112793
-7.570733547210693
5.0602312088012695
-8.041452407836914
-9.953749656677246
3.5107805728912354
-12.385798454284668
-5.354430675506592
3.5402004718780518
-7.031367778778076
-3.5500071048736572
5.011198043823242
-11.542427062988281
-2.843928337097168
4.010919570922852
-6.746974945068359
-2.3535959720611572
5.717276573181152
-7.36479377746582
-2.7556686401367188
5.668243408203125
-7.85512638092041
-2.4026291370391846
3.6774935722351074
-8.894631385803223
-2.8733484745025635
4.344346046447754
-9.32612419128418
-2.41243577003479
4.677772045135498
-8.482751846313477
-2.1280429363250732
6.1095428466796875
-9.169217109680176
-1.794616937637329
4.638545513153076
-8.610238075256348
-1.8240368366241455
2.7262487411499023
-10.512728691101074
-3.010641574859619
6.001669883728027
-13.91563606262207
-1.3729310035705566
4.148212909698486
-10.679441452026367
-4.138406276702881
6.472388744354248
-10.483308792114258
-4.37376594543457
5.442690849304199
-8.267005920410156
-1.9907499551773071
3.50097393989563
-10.081235885620117
-5.217137813568115
2.9616081714630127
-7.345180511474609
-4.785645008087158
3.9814999103546143
-7.1392412185668945
-4.187439441680908
2.5203089714050293
-5.42307710647583
-5.687856674194336
2.579148769378662
-4.471832275390625
-4.795451641082764
1.5886772871017456
-3.7853667736053467
-6.354709148406982
3.1577413082122803
-3.814786672592163
-6.070316314697266
6.364515781402588
-4.275699138641357
-9.473223686218262
9.23786449432373
-3.1871612071990967
-8.463138580322266
4.37376594543457
-12.82709789276123
-6.51161527633667
0.4314925968647003
-5.344624042510986
-2.4614691734313965
4.422799110412598
-10.679441452026367
-3.706913709640503
4.883711814880371
-6.952914714813232
-3.3538742065429688
4.667965412139893
-6.413548946380615
-2.922381639480591
5.177911281585693
-8.825984954833984
-2.8145084381103516
3.873626708984375
-8.472945213317871
-1.0689247846603394
3.834399938583374
-9.639936447143555
-1.9907499551773071
3.7363336086273193
-8.345458984375
-1.186604619026184
4.079566478729248
-8.05125904083252
-1.2258312702178955
3.442134141921997
-8.865211486816406
-1.1375713348388672
3.5303938388824463
-9.865489959716797
-1.598483920097351
4.491445541381836
-9.845876693725586
-1.421964168548584
7.806093215942383
-8.806371688842773
-3.0008349418640137
5.31520414352417
-9.934136390686035
-1.45138418674469
3.0204482078552246
-12.140632629394531
-1.598483920097351
-0.3334260880947113
-16.10251808166504
-1.2650578022003174
5.4328837394714355
-8.72791862487793
-2.3339827060699463
5.344624042510986
-10.110655784606934
-3.4911673069000244
1.019891619682312
-8.325845718383789
-2.039783239364624
0.5785923600196838
-6.4821953773498535
-3.1871612071990967
2.265336036682129
-6.384129047393799
-4.275699138641357
4.167826175689697
-3.2656142711639404
-5.295590877532959
6.972527980804443
-6.756781578063965
-7.119627952575684
6.031089782714844
-7.413827419281006
-9.041730880737305
6.923494815826416
-7.276534080505371
-9.277091026306152
5.717276573181152
-4.618932247161865
-8.904438018798828
-1.3729310035705566
-7.972806453704834
0.9414383769035339
2.7458620071411133
-19.534847259521484
-3.961886405944824
1.6082905530929565
-6.570455551147461
0.7943386435508728
4.766031742095947
-7.7570600509643555
-0.8825984597206116
3.5696206092834473
-9.688969612121582
-2.4026291370391846
4.334539413452148
-8.286619186401367
-1.5494506359100342
4.805258274078369
-9.855683326721191
-1.255251169204712
3.069481372833252
-9.090764045715332
-1.4808040857315063
3.6186537742614746
-9.365350723266602
-1.794616937637329
3.4323275089263916
-8.090486526489258
-1.647517204284668
5.001391410827637
-7.972806453704834
-1.4611908197402954
4.560091972351074
-9.110377311706543
-1.8534568548202515
5.158297538757324
-11.50320053100586
-3.089094638824463
5.2857842445373535
-12.552511215209961
-1.8436501026153564
2.7556686401367188
-12.150439262390137
-2.451662540435791
4.550285339355469
-10.159688949584961
-4.0893731117248535
4.128599643707275
-8.825984954833984
-1.186604619026184
3.932466506958008
-9.620323181152344
-5.256364345550537
3.3734874725341797
-7.776673316955566
-3.3931007385253906
2.922381639480591
-7.188274383544922
-4.775838375091553
3.196967840194702
-4.383572578430176
-5.119071006774902
2.2947559356689453
-3.216581106185913
-5.011198043823242
3.383294105529785
-4.530672073364258
-7.433440685272217
4.540478706359863
-4.295312404632568
-7.443247318267822
4.560091972351074
-4.658158779144287
-7.354987144470215
4.0305328369140625
-10.287175178527832
-9.973362922668457
4.658158779144287
-9.208444595336914
-2.6281821727752686
4.6875786781311035
-7.188274383544922
-4.324732780456543
4.295312404632568
-9.43399715423584
-2.7458620071411133
4.324732780456543
-7.74725341796875
-2.265336036682129
4.697385311126709
-7.335373878479004
-2.7066352367401123
5.42307710647583
-8.12971305847168
-2.1084296703338623
3.8442068099975586
-7.972806453704834
-2.4026291370391846
3.854013442993164
-8.963277816772461
-2.4614691734313965
4.9131317138671875
-8.345458984375
-2.324176073074341
4.932744979858398
-8.94366455078125
-2.490889072418213
5.5113372802734375
-10.03220272064209
-1.9613299369812012
5.776116847991943
-10.375435829162598
-2.2163028717041016
4.11879301071167
-13.31743049621582
-1.5200307369232178
2.7752819061279297
-12.454444885253906
-3.8049800395965576
5.42307710647583
-9.973362922668457
-4.736611843109131
4.422799110412598
-9.443803787231445
0.019613299518823624
4.177632808685303
-10.012589454650879
-4.9131317138671875
3.0400614738464355
-8.551398277282715
-3.363680839538574
3.363680839538574
-7.041174411773682
-4.520865440368652
3.8049800395965576
-5.834956645965576
-4.805258274078369
2.9812214374542236
-4.167826175689697
-4.922938346862793
2.3830158710479736
-3.8834333419799805
-5.834956645965576
3.2852277755737305
-3.5696206092834473
-6.570455551147461
5.070037841796875
-3.814786672592163
-7.49228048324585
6.472388744354248
-3.295034408569336
-8.247392654418945
5.226944446563721
-3.0792880058288574
-4.540478706359863
10.424468994140625
-19.534847259521484
-4.138406276702881
-0.0784531980752945
-3.0008349418640137
-2.039783239364624
5.952636241912842
-11.73855972290039
-2.863541841506958
3.3734874725341797
-8.217972755432129
-1.5788706541061401
3.177354574203491
-6.903881549835205
-2.2359161376953125
5.795730113983154
-8.796565055847168
-1.9613299369812012
4.344346046447754
-7.7570600509643555
-2.2947559356689453
4.550285339355469
-8.865211486816406
-2.7948951721191406
4.618932247161865
-8.845598220825195
-2.598762273788452
5.42307710647583
-8.825984954833984
-2.5497288703918457
5.834956645965576
-9.571290016174316
-1.9907499551773071
5.354430675506592
-10.914801597595215
-2.510502338409424
3.3048410415649414
-12.503478050231934
-3.481360673904419
5.668243408203125
-10.640214920043945
-1.3729310035705566
2.6674087047576904
-11.258033752441406
-4.138406276702881
5.236751079559326
-8.502365112304688
-1.9122966527938843
4.265892505645752
-8.83579158782959
-2.4418559074401855
2.1084296703338623
-9.463417053222656
-4.265892505645752
2.7066352367401123
-8.198359489440918
-3.795173406600952
3.893239974975586
-6.9136881828308105
-5.119071006774902
3.363680839538574
-5.099457740783691
-5.501530647277832
2.3339827060699463
-4.11879301071167
-5.80553674697876
2.392822504043579
-4.001112937927246
-6.7077484130859375
3.667686939239502
-4.158019542694092
-6.9333014488220215
4.785645008087158
-3.726526975631714
-8.267005920410156
5.6780500411987305
-3.7559468746185303
-5.275977611541748
9.15941047668457
-19.534847259521484
-7.4040207862854
1.5788706541061401
-4.903325080871582
-2.5889556407928467
5.374043941497803
-11.532620429992676
-2.2751426696777344
2.510502338409424
-8.737725257873535
-2.373209238052368
3.3734874725341797
-6.217415809631348
-2.265336036682129
6.187995910644531
-7.933579444885254
-2.9125750064849854
5.197524547576904
-7.570733547210693
-2.8929617404937744
4.618932247161865
-8.276812553405762
-3.295034408569336
4.412992477416992
-8.423912048339844
-2.785088539123535
4.550285339355469
-8.904438018798828
-2.186882972717285
5.040617942810059
-9.502643585205078
-2.2947559356689453
5.236751079559326
-11.316873550415039
-1.9711365699768066
4.363959312438965
-12.5917387008667
-3.5107805728912354
7.207887649536133
-11.660106658935547
-2.28494930267334
2.736055374145508
-10.43427562713623
-4.638545513153076
6.011476516723633
-8.776951789855957
-0.6766588091850281
3.854013442993164
-8.678885459899902
-2.079009771347046
2.147656202316284
-10.002782821655273
-3.7363336086273193
3.422520875930786
-8.276812553405762
-3.854013442993164
3.746140241622925
-6.305675983428955
-5.001391410827637
3.5402004718780518
-5.91340970993042
-5.158297538757324
2.5399222373962402
-4.275699138641357
-5.756503582000732
2.9616081714630127
-4.560091972351074
-5.9036030769348145
2.9518015384674072
-4.314925670623779
-6.697941780090332
5.168104648590088
-3.9226598739624023
-7.658993244171143
4.167826175689697
-3.5696206092834473
-6.442968845367432
6.796008110046387
-16.71053123474121
-12.474058151245117
2.0299766063690186
-4.697385311126709
-5.785923480987549
3.383294105529785
-7.708026885986328
-3.481360673904419
5.030811309814453
-10.84615421295166
-2.765475273132324
3.334260940551758
-6.599875450134277
-2.373209238052368
4.442412376403809
-8.208166122436523
-2.804701805114746
5.217137813568115
-8.296425819396973
-2.2555294036865234
4.766031742095947
-7.894352912902832
-2.7556686401367188
3.8834333419799805
-8.25719928741455
-2.8145084381103516
5.119071006774902
-8.247392654418945
-2.677215337753296
5.119071006774902
-8.414105415344238
-2.2163028717041016
6.550841808319092
-10.130269050598145
-1.6867437362670898
4.001112937927246
-13.346850395202637
-2.785088539123535
5.687856674194336
-13.111491203308105
-2.4222424030303955
3.912853240966797
-11.14035415649414
-4.059953212738037
4.844484806060791
-9.32612419128418
-3.7657535076141357
5.31520414352417
-8.659272193908691
-2.000556468963623
3.6382670402526855
-10.218528747558594
-4.9131317138671875
2.922381639480591
-7.041174411773682
-3.961886405944824
3.8049800395965576
-5.991862773895264
-4.844484806060791
2.8733484745025635
-4.305119037628174
-4.883711814880371
2.7948951721191406
-4.305119037628174
-4.756225109100342
3.010641574859619
-4.128599643707275
-6.609682083129883
4.148212909698486
-4.383572578430176
-6.9136881828308105
4.736611843109131
-3.5990405082702637
-8.061065673828125
3.873626708984375
-5.109264373779297
-7.7570600509643555
7.953193187713623
-15.082627296447754
-3.2263877391815186
2.559535503387451
-5.393657207489014
-3.4519407749176025
5.46230411529541
-12.53289794921875
-3.2263877391815186
2.922381639480591
-7.541313648223877
-2.785088539123535
4.97197151184082
-6.776394844055176
-2.5693421363830566
5.579983711242676
-7.992419719696045
-2.677215337753296
4.167826175689697
-7.796286582946777
-2.696828603744507
4.1089863777160645
-8.345458984375
-2.579148769378662
4.540478706359863
-8.159132957458496
-2.4614691734313965
5.099457740783691
-8.698498725891113
-2.28494930267334
5.893796443939209
-9.080957412719727
-2.039783239364624
5.530950546264648
-10.042009353637695
-1.8240368366241455
5.001391410827637
-13.886216163635254
-2.000556468963623
4.363959312438965
-13.395883560180664
-2.9518015384674072
3.089094638824463
-9.953749656677246
-3.4911673069000244
6.001669883728027
-8.973084449768066
-3.2656142711639404
3.236194372177124
-9.5418701171875
-1.9024900197982788
3.775560140609741
-8.72791862487793
-4.677772045135498
2.804701805114746
-8.012032508850098
-3.912853240966797
4.059953212738037
-7.776673316955566
-4.432605743408203
3.9520797729492188
-6.001669883728027
-5.177911281585693
3.383294105529785
-5.070037841796875
-5.403463840484619
2.9419949054718018
-4.8346781730651855
-5.46230411529541
3.196967840194702
-4.2560858726501465
-6.746974945068359
4.020726203918457
-4.050146579742432
-6.854848384857178
5.021004676818848
-3.0204482078552246
-7.766866683959961
2.147656202316284
-7.472667217254639
-10.934414863586426
5.893796443939209
-10.561761856079102
-5.119071006774902
1.421964168548584
-5.354430675506592
-3.461747407913208
5.942829608917236
-13.131104469299316
-3.3244543075561523
2.9812214374542236
-6.776394844055176
-2.5006957054138184
4.354152679443359
-7.884546279907227
-2.5497288703918457
5.501530647277832
-8.296425819396973
-1.8926833868026733
4.187439441680908
-8.012032508850098
-2.1770763397216797
3.7167203426361084
-8.806371688842773
-2.6870219707489014
4.452219009399414
-7.953193187713623
-2.059396505355835
5.246557712554932
-8.718111991882324
-1.7848103046417236
4.942551612854004
-9.620323181152344
-2.373209238052368
6.697941780090332
-8.845598220825195
-1.1473779678344727
4.775838375091553
-11.2482271194458
-1.1767979860305786
5.521143913269043
-13.503756523132324
0.24516624212265015
2.2359161376953125
-12.454444885253906
-3.236194372177124
4.589511871337891
-10.189108848571777
-5.393657207489014
5.717276573181152
-9.34573745727539
-1.5102241039276123
3.746140241622925
-8.737725257873535
-2.2947559356689453
3.520587205886841
-9.012310981750488
-4.197246074676514
2.824315071105957
-6.76658821105957
-3.7853667736053467
3.3538742065429688
-5.717276573181152
-4.815064907073975
3.334260940551758
-4.82487154006958
-4.6875786781311035
2.677215337753296
-4.22666597366333
-6.3350958824157715
3.4911673069000244
-4.265892505645752
-6.648908615112305
3.746140241622925
-3.6186537742614746
-7.1490478515625
5.275977611541748
-3.726526975631714
-8.139519691467285
7.727640151977539
-8.600431442260742
-10.748087882995605
3.0204482078552246
-8.355265617370605
-8.021839141845703
2.5693421363830566
-9.355544090270996
-3.9716930389404297
6.021283149719238
-10.169495582580566
-3.3931007385253906
3.177354574203491
-7.923772811889648
-2.30456280708313
4.393379211425781
-7.668799877166748
-2.4026291370391846
5.746696949005127
-7.570733547210693
-1.9907499551773071
4.942551612854004
-7.345180511474609
-2.1378495693206787
4.059953212738037
-8.54159164428711
-2.804701805114746
4.589511871337891
-7.894352912902832
-2.8537349700927734
5.540757179260254
-8.482751846313477
-2.265336036682129
5.933022975921631
-9.963556289672852
-2.6477954387664795
5.109264373779297
-10.600988388061523
-1.5102241039276123
4.099179744720459
-12.974197387695313
-1.9221034049987793
3.2067744731903076
-12.022953033447266
-2.7458620071411133
3.589233875274658
-10.41466236114502
-4.60912561416626
5.717276573181152
-8.168939590454102
-2.579148769378662
4.305119037628174
-8.610238075256348
-2.167269706726074
4.069759845733643
-9.492836952209473
-3.108707904815674
3.6382670402526855
-7.894352912902832
-3.6578803062438965
4.658158779144287
-7.570733547210693
-4.766031742095947
3.0596747398376465
-5.364237308502197
-5.354430675506592
3.1283211708068848
-4.197246074676514
-5.638823509216309
1.980943202972412
-3.5303938388824463
-5.844763278961182
2.9518015384674072
-4.177632808685303
-7.10982084274292
4.922938346862793
-2.883155107498169
-7.9629998207092285
4.197246074676514
-4.265892505645752
-5.040617942810059
10.218528747558594
-19.534847259521484
-3.5696206092834473
1.9515233039855957
-4.805258274078369
-3.775560140609741
5.413270473480225
-11.915079116821289
-2.510502338409424
3.314647674560547
-7.5118937492370605
-2.4810824394226074
4.452219009399414
-6.5606489181518555
-3.0204482078552246
5.9036030769348145
-8.139519691467285
-2.765475273132324
4.334539413452148
-7.678606986999512
-2.637988805770874
4.099179744720459
-8.580818176269531
-2.8929617404937744
4.883711814880371
-8.600431442260742
-2.9518015384674072
5.46230411529541
-8.56120491027832
-2.147656202316284
4.981778144836426
-9.375157356262207
-1.9221034049987793
5.256364345550537
-10.914801597595215
-1.833843469619751
5.599596977233887
-12.405411720275879
-0.8727918267250061
2.863541841506958
-13.219364166259766
-4.8542914390563965
3.9030466079711914
-10.52253532409668
-4.363959312438965
5.099457740783691
-9.002504348754883
-1.6573238372802734
4.246279239654541
-9.247671127319336
-3.049868106842041
2.8341217041015625
-8.786758422851563
-4.393379211425781
3.2656142711639404
-7.25692081451416
-4.275699138641357
4.393379211425781
-6.16838264465332
-4.8542914390563965
3.010641574859619
-5.226944446563721
-5.20733118057251
2.9616081714630127
-4.805258274078369
-5.31520414352417
2.451662540435791
-3.775560140609741
-6.433162212371826
4.412992477416992
-4.069759845733643
-6.178189277648926
5.040617942810059
-3.5303938388824463
-7.050981044769287
4.60912561416626
-3.3244543075561523
-5.050424575805664
7.276534080505371
-16.641883850097656
-8.698498725891113
3.726526975631714
-6.8940749168396
-4.069759845733643
3.854013442993164
-8.531785011291504
-3.216581106185913
5.128877639770508
-10.110655784606934
-2.863541841506958
4.059953212738037
-7.4040207862854
-2.7948951721191406
6.286062717437744
-8.335652351379395
-1.794616937637329
5.42307710647583
-8.659272193908691
-1.8240368366241455
4.4816389083862305
-9.787036895751953
-2.0888164043426514
4.040339469909668
-8.43371868133545
-2.2359161376953125
4.393379211425781
-8.590624809265137
-1.9319100379943848
3.177354574203491
-8.080678939819336
-2.373209238052368
3.8638200759887695
-8.061065673828125
-1.3435109853744507
4.785645008087158
-8.639657974243164
-1.667130470275879
5.481917381286621
-11.620880126953125
-2.824315071105957
3.363680839538574
-12.679998397827148
-3.3538742065429688
4.766031742095947
-9.767423629760742
-2.4810824394226074
2.1378495693206787
-10.110655784606934
-2.167269706726074
4.158019542694092
-6.962721347808838
-2.4222424030303955
3.6971070766448975
-8.423912048339844
-2.6085689067840576
1.255251169204712
-8.825984954833984
-2.2751426696777344
2.7556686401367188
-8.904438018798828
-2.6281821727752686
2.804701805114746
-8.159132957458496
-3.7853667736053467
2.657602071762085
-7.85512638092041
-3.5990405082702637
3.9422731399536133
-7.5315070152282715
-3.9913065433502197
2.991028070449829
-7.570733547210693
-4.207052707672119
3.177354574203491
-6.805814743041992
-4.285505771636963
3.5696206092834473
-6.354709148406982
-4.344346046447754
3.520587205886841
-6.580262184143066
-5.109264373779297
4.579705238342285
-5.942829608917236
-5.374043941497803
6.972527980804443
-7.806093215942383
-6.217415809631348
5.874183177947998
-8.43371868133545
-5.942829608917236
3.177354574203491
-10.993254661560059
-6.089929580688477
0.4903324842453003
-12.219085693359375
-5.42307710647583
2.991028070449829
-10.002782821655273
-1.2846710681915283
1.598483920097351
-8.443525314331055
0.7551120519638062
4.128599643707275
-10.875574111938477
0.6668521761894226
2.9616081714630127
-8.355265617370605
-2.432049036026001
3.589233875274658
-10.375435829162598
0.13729310035705566
4.324732780456543
-8.365072250366211
-1.0885381698608398
3.6971070766448975
-11.61107349395752
-0.7845319509506226
2.9518015384674072
-7.943386077880859
-0.9218250513076782
5.413270473480225
-7.85512638092041
-0.27458620071411133
3.7657535076141357
-7.541313648223877
0.6080122590065002
3.893239974975586
-5.030811309814453
0.3334260880947113
3.5402004718780518
-8.698498725891113
0.5883989930152893
3.3244543075561523
-9.571290016174316
-0.254972904920578
3.912853240966797
-10.855960845947266
-0.08825984597206116
0.9316317439079285
-10.767701148986816
-1.7848103046417236
3.481360673904419
-10.708861351013184
-2.9518015384674072
1.6769371032714844
-7.482473850250244
-2.9125750064849854
2.5203089714050293
-10.561761856079102
-3.814786672592163
2.9419949054718018
-8.639657974243164
-3.687300205230713
2.4810824394226074
-10.022396087646484
-3.2460010051727295
1.980943202972412
-10.659828186035156
-3.2067744731903076
2.167269706726074
-10.012589454650879
-3.255807638168335
2.059396505355835
-12.140632629394531
-2.1182363033294678
2.7752819061279297
-11.797399520874023
-2.1770763397216797
3.049868106842041
-13.739116668701172
-4.2560858726501465
5.334817409515381
-11.954305648803711
-4.530672073364258
12.150439262390137
-5.31520414352417
-2.0692031383514404
13.484143257141113
-2.510502338409424
-3.9913065433502197
6.639101982116699
-7.74725341796875
0.8924051523208618
6.648908615112305
-6.442968845367432
0.8727918267250061
0.4412992298603058
-9.532063484191895
2.020169734954834
5.128877639770508
-4.197246074676514
2.0299766063690186
4.893518447875977
-2.5006957054138184
4.001112937927246
3.50097393989563
-2.167269706726074
5.521143913269043
5.246557712554932
-0.19613298773765564
6.158576011657715
5.119071006774902
-0.21574629843235016
6.599875450134277
5.0602312088012695
0.16671304404735565
6.4821953773498535
4.9131317138671875
0.4314925968647003
6.688135147094727
4.864098072052002
0.23535959422588348
6.845041751861572
5.972249507904053
0.8924051523208618
6.8940749168396
5.050424575805664
0.29419949650764465
7.825706481933594
5.5113372802734375
0.627625584602356
7.296147346496582
5.050424575805664
0.2843928337097168
7.560926914215088
5.46230411529541
0.3824593424797058
7.335373878479004
4.864098072052002
0.4609125256538391
7.3059539794921875
5.4328837394714355
0.7551120519638062
7.276534080505371
4.883711814880371
0.42168593406677246
7.1588544845581055
5.2857842445373535
-0.13729310035705566
7.74725341796875
4.726805210113525
0.8531785011291504
7.766866683959961
4.383572578430176
1.019891619682312
7.345180511474609
4.216859340667725
1.1473779678344727
7.521700382232666
4.0305328369140625
1.3238977193832397
7.590346813201904
4.177632808685303
1.0983448028564453
7.766866683959961
4.187439441680908
1.2748644351959229
7.629573345184326
4.207052707672119
1.3631243705749512
7.541313648223877
4.520865440368652
1.5200307369232178
7.796286582946777
4.138406276702881
1.6279038190841675
7.168661117553711
4.216859340667725
1.7161637544631958
7.609960079193115
4.187439441680908
1.7848103046417236
7.374600410461426
4.167826175689697
1.8828767538070679
7.60015344619751
4.314925670623779
1.9711365699768066
7.374600410461426
4.148212909698486
1.9122966527938843
7.717833518981934
4.2364726066589355
2.2947559356689453
7.453053951263428
4.197246074676514
2.5399222373962402
7.49228048324585
4.167826175689697
2.6085689067840576
7.502087116241455
4.1089863777160645
3.010641574859619
7.913966178894043
3.7853667736053467
3.2852277755737305
7.315760612487793
