1.9711365699768066
-10.081235885620117
-1.8730701208114624
2.2163028717041016
-10.296981811523438
-1.980943202972412
2.6085689067840576
-10.296981811523438
-2.2751426696777344
2.5693421363830566
-8.982891082763672
-1.618097186088562
2.7556686401367188
-8.610238075256348
-1.6279038190841675
2.9419949054718018
-8.933857917785645
-1.7161637544631958
2.392822504043579
-9.600709915161133
-2.373209238052368
2.6085689067840576
-9.228057861328125
-2.079009771347046
2.6870219707489014
-9.188830375671387
-2.1378495693206787
2.657602071762085
-9.316317558288574
-2.186882972717285
2.7752819061279297
-9.208444595336914
-2.373209238052368
2.6674087047576904
-9.267284393310547
-2.167269706726074
2.5889556407928467
-9.296704292297363
-2.147656202316284
2.6281821727752686
-9.15941047668457
-2.167269706726074
2.8145084381103516
-8.884824752807617
-2.1770763397216797
2.8341217041015625
-8.924051284790039
-1.794616937637329
2.6870219707489014
-9.179023742675781
-1.794616937637329
3.275420904159546
-9.443803787231445
-2.1770763397216797
3.873626708984375
-9.43399715423584
-1.6867437362670898
4.040339469909668
-9.34573745727539
-1.5592572689056396
3.932466506958008
-9.15941047668457
-1.2846710681915283
4.11879301071167
-9.05153751373291
-1.0787314176559448
4.56989860534668
-9.100570678710938
-1.019891619682312
4.726805210113525
-11.01286792755127
-1.3729310035705566
3.62846040725708
-13.091876983642578
-1.3337043523788452
2.245722770690918
-13.964669227600098
-1.667130470275879
1.010084867477417
-12.572125434875488
-2.0299766063690186
-1.7553902864456177
-12.258312225341797
-3.5107805728912354
-1.794616937637329
-10.92460823059082
-1.9515233039855957
-1.8240368366241455
-8.845598220825195
-1.5788706541061401
-2.098623037338257
-7.247114181518555
-2.5301156044006348
-1.8828767538070679
-7.119627952575684
-3.03025484085083
-1.1473779678344727
-8.74753189086914
-2.8145084381103516
-0.03922659903764725
-10.336209297180176
-3.03025484085083
0.8825984597206116
-10.777507781982422
-3.3048410415649414
1.2748644351959229
-10.130269050598145
-3.216581106185913
0.627625584602356
-9.581096649169922
-3.7657535076141357
-0.05883989855647087
-9.277091026306152
-3.8834333419799805
0.313812792301178
-8.757338523864746
-3.010641574859619
1.5004174709320068
-9.022117614746094
-3.667686939239502
1.6573238372802734
-9.914523124694824
-4.2364726066589355
1.3238977193832397
-9.894909858703613
-4.354152679443359
1.598483920097351
-8.924051284790039
-4.246279239654541
1.8730701208114624
-8.168939590454102
-4.501252174377441
1.81423020362854
-8.061065673828125
-4.275699138641357
1.7161637544631958
-8.021839141845703
-4.363959312438965
1.3925442695617676
-7.570733547210693
-4.403185844421387
1.5004174709320068
-7.1490478515625
-4.442412376403809
2.30456280708313
-6.992141246795654
-4.412992477416992
3.2656142711639404
-7.217694282531738
-4.667965412139893
3.6774935722351074
-7.433440685272217
-4.922938346862793
3.461747407913208
-7.7374467849731445
-5.0602312088012695
3.216581106185913
-7.923772811889648
-5.393657207489014
3.295034408569336
-8.325845718383789
-5.521143913269043
3.461747407913208
-9.090764045715332
-5.364237308502197
3.1675479412078857
-9.875296592712402
-5.109264373779297
2.804701805114746
-10.532341957092285
-5.844763278961182
2.579148769378662
-10.973641395568848
-6.423355579376221
2.2163028717041016
-10.581375122070313
-6.531228542327881
1.3925442695617676
-12.297538757324219
-5.785923480987549
0.05883989855647087
-14.121575355529785
-4.501252174377441
0.6668521761894226
-9.75761604309082
-2.000556468963623
1.2846710681915283
-6.550841808319092
-1.1081514358520508
0.8433718681335449
-6.992141246795654
-2.1770763397216797
2.3830158710479736
-8.786758422851563
-1.2944778203964233
4.295312404632568
-9.94394302368164
-1.206217885017395
5.050424575805664
-10.718667984008789
-1.1179580688476563
3.314647674560547
-10.32640266418457
-1.794616937637329
1.9319100379943848
-9.100570678710938
-2.5006957054138184
1.5396440029144287
-8.384685516357422
-2.824315071105957
1.5004174709320068
-8.394492149353027
-2.677215337753296
2.4026291370391846
-8.914244651794434
-2.8537349700927734
4.020726203918457
-9.286897659301758
-2.843928337097168
5.030811309814453
-8.767145156860352
-2.471275806427002
4.314925670623779
-8.325845718383789
-2.3830158710479736
3.2656142711639404
-7.9629998207092285
-2.1182363033294678
2.1280429363250732
-7.933579444885254
-2.559535503387451
1.9613299369812012
-8.25719928741455
-3.314647674560547
2.8341217041015625
-8.325845718383789
-3.5696206092834473
3.402907371520996
-8.365072250366211
-3.854013442993164
3.4323275089263916
-7.815899848937988
-3.9814999103546143
3.814786672592163
-6.354709148406982
-3.196967840194702
3.1185145378112793
-5.168104648590088
-2.598762273788452
2.922381639480591
-5.844763278961182
-3.2852277755737305
3.8834333419799805
-7.913966178894043
-1.637710452079773
2.598762273788452
-9.492836952209473
-2.471275806427002
1.794616937637329
-8.992697715759277
-2.579148769378662
2.3535959720611572
-7.717833518981934
-1.794616937637329
3.4519407749176025
-6.923494815826416
-3.216581106185913
3.8834333419799805
-7.5315070152282715
-3.461747407913208
3.383294105529785
-8.875018119812012
-3.9030466079711914
3.7167203426361084
-8.698498725891113
-3.873626708984375
3.834399938583374
-9.316317558288574
-5.776116847991943
4.285505771636963
-12.219085693359375
-6.011476516723633
2.8145084381103516
-14.317708969116211
-7.345180511474609
2.0103631019592285
-14.415775299072266
-5.128877639770508
2.2947559356689453
-12.415218353271484
-6.590068817138672
2.90276837348938
-10.63040828704834
-6.629295349121094
2.5301156044006348
-10.296981811523438
-7.031367778778076
2.579148769378662
-10.287175178527832
-6.325289249420166
1.647517204284668
-9.904716491699219
-6.2762556076049805
0.8825984597206116
-8.414105415344238
-6.393935680389404
1.2454445362091064
-7.315760612487793
-5.7368903160095215
2.186882972717285
-6.5018086433410645
-4.756225109100342
2.41243577003479
-5.42307710647583
-4.452219009399414
1.3435109853744507
-4.589511871337891
-4.7071919441223145
-0.32361945509910583
-3.648073673248291
-4.010919570922852
-0.06864655017852783
-3.461747407913208
-3.216581106185913
1.7848103046417236
-4.305119037628174
-3.3931007385253906
3.4519407749176025
-5.697663307189941
-3.3931007385253906
2.598762273788452
-6.237029075622559
-3.9716930389404297
1.421964168548584
-7.060787677764893
-3.667686939239502
1.7357770204544067
-9.257477760314941
-3.873626708984375
1.2944778203964233
-11.159967422485352
-4.697385311126709
2.8341217041015625
-10.179302215576172
-5.354430675506592
3.275420904159546
-7.482473850250244
-4.344346046447754
2.8733484745025635
-6.305675983428955
-3.932466506958008
2.147656202316284
-7.60015344619751
-5.42307710647583
3.5794272422790527
-12.150439262390137
-7.472667217254639
5.256364345550537
-15.337599754333496
-4.11879301071167
4.2364726066589355
-15.131660461425781
-0.6766588091850281
0.2059396505355835
-13.552789688110352
-5.364237308502197
4.079566478729248
-10.610795021057129
-4.442412376403809
5.030811309814453
-10.355822563171387
-2.30456280708313
2.9812214374542236
-13.925442695617676
-1.1767979860305786
3.5402004718780518
-12.729031562805176
-0.10787314921617508
4.324732780456543
-10.640214920043945
-0.7649186849594116
3.8638200759887695
-10.659828186035156
-2.8145084381103516
3.9226598739624023
-9.424190521240234
-2.3535959720611572
3.1283211708068848
-8.345458984375
-1.8828767538070679
2.41243577003479
-8.865211486816406
-1.45138418674469
2.5399222373962402
-9.13979721069336
-1.7357770204544067
3.069481372833252
-8.757338523864746
-2.000556468963623
2.657602071762085
-7.7374467849731445
-2.451662540435791
2.451662540435791
-6.531228542327881
-3.1185145378112793
2.432049036026001
-6.031089782714844
-2.5006957054138184
2.3143694400787354
-6.148769378662109
-2.7556686401367188
2.0299766063690186
-6.246835708618164
-3.275420904159546
2.5301156044006348
-6.884268283843994
-2.206496238708496
2.8341217041015625
-7.60015344619751
-2.4614691734313965
4.56989860534668
-7.85512638092041
-1.235637903213501
4.775838375091553
-6.972527980804443
-3.3244543075561523
4.354152679443359
-7.786479949951172
-4.766031742095947
4.805258274078369
-12.268118858337402
-4.883711814880371
4.648352146148682
-14.690361022949219
-5.972249507904053
3.9422731399536133
-13.395883560180664
-6.187995910644531
2.3339827060699463
-11.52281379699707
-6.805814743041992
2.804701805114746
-10.748087882995605
-6.178189277648926
4.697385311126709
-10.914801597595215
-5.795730113983154
3.667686939239502
-11.091320991516113
-6.521421909332275
1.9613299369812012
-11.571846961975098
-6.884268283843994
0.5687856674194336
-10.071429252624512
-6.354709148406982
2.6477954387664795
-8.669078826904297
-4.71699857711792
2.8733484745025635
-7.472667217254639
-4.37376594543457
1.235637903213501
-7.443247318267822
-5.158297538757324
-0.5491724014282227
-7.472667217254639
-4.952358245849609
-0.5785923600196838
-7.521700382232666
-4.432605743408203
-0.11767979711294174
-7.776673316955566
-4.412992477416992
0.7649186849594116
-7.462860584259033
-4.22666597366333
1.1277647018432617
-6.76658821105957
-4.471832275390625
1.3729310035705566
-6.472388744354248
-4.216859340667725
0.9610517024993896
-5.42307710647583
-3.873626708984375
1.2160245180130005
-5.687856674194336
-3.7559468746185303
2.5399222373962402
-6.815621376037598
-3.2263877391815186
2.1574628353118896
-8.482751846313477
-4.324732780456543
2.736055374145508
-9.414383888244629
-5.236751079559326
4.393379211425781
-7.609960079193115
-5.168104648590088
3.726526975631714
-7.266727447509766
-3.4127140045166016
2.373209238052368
-7.688413619995117
-3.814786672592163
0.11767979711294174
-8.472945213317871
-3.7559468746185303
1.402350902557373
-7.207887649536133
-6.8940749168396
2.9125750064849854
-8.531785011291504
-5.933022975921631
3.461747407913208
-9.522256851196289
-4.599318504333496
2.3830158710479736
-9.375157356262207
-4.756225109100342
1.6769371032714844
-9.267284393310547
-6.492002010345459
1.186604619026184
-11.689526557922363
-5.8839898109436035
0.26477953791618347
-13.905829429626465
-4.207052707672119
-2.1378495693206787
-16.788984298706055
-2.90276837348938
-2.8929617404937744
-14.229449272155762
-3.236194372177124
1.0885381698608398
-7.815899848937988
-1.8436501026153564
1.618097186088562
-13.935249328613281
-4.962164878845215
7.776673316955566
-16.367298126220703
-0.19613298773765564
5.609403610229492
-9.522256851196289
-2.020169734954834
2.736055374145508
-7.227500915527344
-1.833843469619751
2.000556468963623
-9.777230262756348
-1.81423020362854
2.696828603744507
-11.189387321472168
-1.6867437362670898
1.9417166709899902
-9.973362922668457
-1.81423020362854
1.863263487815857
-9.05153751373291
-1.618097186088562
2.559535503387451
-8.531785011291504
-1.8730701208114624
2.618375539779663
-8.45333194732666
-2.186882972717285
2.5399222373962402
-8.678885459899902
-2.206496238708496
2.4222424030303955
-8.884824752807617
-2.696828603744507
2.7262487411499023
-9.022117614746094
-2.9419949054718018
2.824315071105957
-9.316317558288574
-3.3048410415649414
2.226109504699707
-9.247671127319336
-3.010641574859619
1.8926833868026733
-7.894352912902832
-2.7556686401367188
1.4709974527359009
-7.041174411773682
-1.667130470275879
1.421964168548584
-7.25692081451416
-2.059396505355835
0.9806649684906006
-7.394214153289795
-2.6674087047576904
1.5102241039276123
-7.011754512786865
-1.6965503692626953
1.402350902557373
-7.74725341796875
-2.2555294036865234
0.8727918267250061
-9.45361042022705
-1.7161637544631958
2.000556468963623
-8.953471183776855
-1.9024900197982788
1.7651969194412231
-8.659272193908691
-2.883155107498169
0.8531785011291504
-9.45361042022705
-3.2263877391815186
2.2947559356689453
-9.414383888244629
-2.785088539123535
3.402907371520996
-9.247671127319336
-3.236194372177124
4.11879301071167
-10.306788444519043
-3.3734874725341797
3.6971070766448975
-12.052372932434082
-3.795173406600952
3.363680839538574
-13.229170799255371
-5.442690849304199
3.706913709640503
-12.640771865844727
-5.393657207489014
2.6477954387664795
-10.473502159118652
-5.7368903160095215
1.863263487815857
-10.620601654052734
-6.119349479675293
1.7651969194412231
-12.689805030822754
-5.7368903160095215
3.216581106185913
-11.620880126953125
-4.726805210113525
2.079009771347046
-8.718111991882324
-4.932744979858398
1.0689247846603394
-8.267005920410156
-5.668243408203125
1.2846710681915283
-8.14932632446289
-5.383850574493408
1.8240368366241455
-8.139519691467285
-4.805258274078369
1.8240368366241455
-7.472667217254639
-4.275699138641357
0.9120184183120728
-6.854848384857178
-4.187439441680908
0.4412992298603058
-6.639101982116699
-4.393379211425781
0.5785923600196838
-7.031367778778076
-4.37376594543457
0.8041452765464783
-7.1490478515625
-4.138406276702881
1.5102241039276123
-7.178467750549316
-4.37376594543457
2.226109504699707
-6.805814743041992
-4.883711814880371
2.510502338409424
-6.011476516723633
-4.952358245849609
2.8929617404937744
-5.560370445251465
-4.618932247161865
2.9518015384674072
-6.629295349121094
-4.638545513153076
3.6382670402526855
-8.531785011291504
-4.746418476104736
4.099179744720459
-9.63012981414795
-5.089651107788086
3.6186537742614746
-8.580818176269531
-5.001391410827637
2.471275806427002
-7.668799877166748
-4.9131317138671875
1.8730701208114624
-7.972806453704834
-5.030811309814453
2.1574628353118896
-8.335652351379395
-4.82487154006958
1.6573238372802734
-8.443525314331055
-4.9131317138671875
1.186604619026184
-8.806371688842773
-5.089651107788086
2.2947559356689453
-8.74753189086914
-4.001112937927246
3.0400614738464355
-7.325567245483398
-3.4127140045166016
1.980943202972412
-7.207887649536133
-4.22666597366333
0.7453053593635559
-10.306788444519043
-4.658158779144287
-0.37265267968177795
-14.101962089538574
-4.001112937927246
-0.3628460466861725
-16.200586318969727
-2.245722770690918
-1.2258312702178955
-14.886494636535645
-3.275420904159546
1.1081514358520508
-10.061622619628906
0.3040061295032501
0.411879301071167
-10.748087882995605
-3.775560140609741
5.648630142211914
-17.024343490600586
-2.824315071105957
5.844763278961182
-13.101683616638184
-1.863263487815857
1.6965503692626953
-8.159132957458496
-1.2160245180130005
0.156906396150589
-7.1392412185668945
-0.17651969194412231
2.5399222373962402
-9.002504348754883
-1.9319100379943848
3.834399938583374
-11.14035415649414
-2.6085689067840576
2.657602071762085
-10.41466236114502
-2.0495898723602295
1.7553902864456177
-8.992697715759277
-1.5788706541061401
1.9024900197982788
-8.296425819396973
-2.147656202316284
2.41243577003479
-8.335652351379395
-2.079009771347046
3.216581106185913
-9.071150779724121
-2.5301156044006348
3.50097393989563
-10.002782821655273
-2.922381639480591
3.2656142711639404
-9.502643585205078
-3.363680839538574
2.7458620071411133
-8.992697715759277
-2.90276837348938
3.177354574203491
-9.05153751373291
-2.4418559074401855
2.5497288703918457
-8.217972755432129
-2.510502338409424
2.9518015384674072
-7.1392412185668945
-1.3337043523788452
2.6674087047576904
-7.207887649536133
-1.667130470275879
0.7060787677764893
-7.9826130867004395
-2.471275806427002
0.17651969194412231
-7.698220252990723
-1.7161637544631958
0.3334260880947113
-7.845319747924805
-1.7063570022583008
0.6668521761894226
-9.208444595336914
-1.4906107187271118
0.7649186849594116
-10.424468994140625
-2.9616081714630127
1.45138418674469
-9.63012981414795
-2.2555294036865234
1.9122966527938843
-8.502365112304688
-2.696828603744507
3.0792880058288574
-7.36479377746582
-2.3143694400787354
3.0989012718200684
-6.962721347808838
-3.147934675216675
2.8929617404937744
-9.23786449432373
-3.0792880058288574
2.6870219707489014
-12.621158599853516
-4.197246074676514
2.3143694400787354
-13.51356315612793
-5.109264373779297
2.4222424030303955
-12.768258094787598
-6.06050968170166
1.6769371032714844
-12.572125434875488
-5.5113372802734375
1.9515233039855957
-12.052372932434082
-5.040617942810059
2.2555294036865234
-11.297260284423828
-5.217137813568115
1.794616937637329
-11.405133247375488
-5.138684272766113
1.5690639019012451
-11.130547523498535
-5.530950546264648
1.647517204284668
-9.94394302368164
-5.119071006774902
2.167269706726074
-7.560926914215088
-4.197246074676514
2.0103631019592285
-6.5606489181518555
-4.354152679443359
1.1277647018432617
-6.227222442626953
-3.932466506958008
0.2843928337097168
-5.942829608917236
-3.7363336086273193
-0.029419949278235435
-6.266448974609375
-4.128599643707275
0.6962721347808838
-6.531228542327881
-4.2560858726501465
1.382737636566162
-6.580262184143066
-4.677772045135498
1.6769371032714844
-6.472388744354248
-4.628738880157471
2.0103631019592285
-5.91340970993042
-4.305119037628174
2.451662540435791
-5.20733118057251
-4.344346046447754
2.490889072418213
-5.638823509216309
-4.589511871337891
3.1185145378112793
-8.002225875854492
-4.579705238342285
3.4911673069000244
-10.208722114562988
-4.491445541381836
2.785088539123535
-10.081235885620117
-4.0305328369140625
2.0299766063690186
-8.188552856445313
-4.167826175689697
1.9024900197982788
-7.1490478515625
-4.354152679443359
1.6573238372802734
-7.423634052276611
-5.021004676818848
1.7651969194412231
-7.864933013916016
-4.589511871337891
2.2751426696777344
-8.021839141845703
-3.775560140609741
2.0495898723602295
-9.83607006072998
-4.618932247161865
1.4808040857315063
-13.288010597229004
-4.589511871337891
0.04903324693441391
-16.386911392211914
-5.217137813568115
1.010084867477417
-16.426137924194336
-3.0204482078552246
1.8730701208114624
-13.033037185668945
-3.7853667736053467
4.363959312438965
-9.443803787231445
-0.23535959422588348
1.5004174709320068
-9.34573745727539
-2.098623037338257
2.059396505355835
-12.709418296813965
-2.245722770690918
4.069759845733643
-14.60210132598877
-1.45138418674469
3.442134141921997
-10.130269050598145
-0.8433718681335449
2.28494930267334
-7.835513114929199
-1.2650578022003174
1.6867437362670898
-7.698220252990723
-1.3140910863876343
2.510502338409424
-10.600988388061523
-1.7063570022583008
3.0989012718200684
-11.640493392944336
-1.8240368366241455
2.1280429363250732
-10.306788444519043
-1.6867437362670898
1.0493115186691284
-8.992697715759277
-1.421964168548584
1.2944778203964233
-8.110099792480469
-1.7161637544631958
2.2163028717041016
-8.25719928741455
-2.41243577003479
2.8733484745025635
-9.05153751373291
-3.108707904815674
3.4911673069000244
-9.463417053222656
-3.1185145378112793
3.1381278038024902
-8.571011543273926
-2.3535959720611572
2.510502338409424
-7.36479377746582
-2.804701805114746
2.245722770690918
-7.36479377746582
-1.9122966527938843
1.0983448028564453
-7.129434585571289
-1.7357770204544067
0.7060787677764893
-6.805814743041992
-1.45138418674469
0.7747253179550171
-7.678606986999512
-1.8044235706329346
1.206217885017395
-9.110377311706543
-2.206496238708496
1.8534568548202515
-9.198637008666992
-2.0692031383514404
2.618375539779663
-8.14932632446289
-2.510502338409424
2.4418559074401855
-8.267005920410156
-3.2067744731903076
2.9419949054718018
-9.247671127319336
-3.5303938388824463
3.010641574859619
-10.149882316589355
-3.295034408569336
3.8638200759887695
-10.787314414978027
-3.9913065433502197
4.432605743408203
-12.160245895385742
-5.050424575805664
4.069759845733643
-13.327237129211426
-5.472110748291016
2.0103631019592285
-12.856517791748047
-5.325010776519775
1.1081514358520508
-11.081514358520508
-4.922938346862793
0.22555294632911682
-10.82654094696045
-6.040896415710449
-0.156906396150589
-13.366463661193848
-6.119349479675293
2.324176073074341
-13.954862594604492
-5.128877639770508
3.1675479412078857
-10.699054718017578
-5.187717914581299
1.8926833868026733
-8.100293159484863
-4.726805210113525
0.6080122590065002
-6.786201477050781
-4.746418476104736
-0.156906396150589
-6.344902515411377
-4.295312404632568
-0.8433718681335449
-6.266448974609375
-3.9716930389404297
-0.34323275089263916
-6.688135147094727
-4.001112937927246
0.6080122590065002
-6.9136881828308105
-3.8442068099975586
1.7063570022583008
-6.648908615112305
-3.932466506958008
2.2163028717041016
-6.3350958824157715
-4.128599643707275
2.3830158710479736
-5.874183177947998
-3.932466506958008
2.079009771347046
-5.442690849304199
-3.7167203426361084
1.7161637544631958
-6.031089782714844
-3.795173406600952
1.598483920097351
-7.884546279907227
-4.540478706359863
2.843928337097168
-9.384963989257813
-4.962164878845215
4.0893731117248535
-9.708582878112793
-4.873904705047607
4.432605743408203
-8.580818176269531
-4.648352146148682
3.520587205886841
-7.237307548522949
-3.854013442993164
2.265336036682129
-6.845041751861572
-4.354152679443359
1.8044235706329346
-6.982334613800049
-4.883711814880371
1.9024900197982788
-7.619766712188721
-4.452219009399414
2.4810824394226074
-8.492558479309082
-4.2560858726501465
2.804701805114746
-9.071150779724121
-4.393379211425781
2.3634026050567627
-9.83607006072998
-4.873904705047607
1.8926833868026733
-11.14035415649414
-4.667965412139893
1.2944778203964233
-12.4446382522583
-3.775560140609741
1.1571847200393677
-13.974475860595703
-4.197246074676514
1.5004174709320068
-15.474893569946289
-3.1283211708068848
2.5399222373962402
-13.02323055267334
-2.8145084381103516
2.1966896057128906
-11.71894645690918
-3.2067744731903076
2.5203089714050293
-15.543540000915527
-2.245722770690918
5.138684272766113
-11.03248119354248
-0.0784531980752945
2.7458620071411133
-7.766866683959961
-1.2748644351959229
2.020169734954834
-7.698220252990723
-0.5687856674194336
1.980943202972412
-9.63012981414795
-1.019891619682312
1.5102241039276123
-11.385519981384277
-1.8926833868026733
1.794616937637329
-10.973641395568848
-1.7063570022583008
1.9907499551773071
-9.94394302368164
-1.186604619026184
2.265336036682129
-9.208444595336914
-1.421964168548584
2.432049036026001
-8.825984954833984
-1.4906107187271118
2.5006957054138184
-8.865211486816406
-1.618097186088562
2.6281821727752686
-9.179023742675781
-2.324176073074341
3.2263877391815186
-9.228057861328125
-2.8341217041015625
3.402907371520996
-8.600431442260742
-3.216581106185913
3.422520875930786
-7.923772811889648
-2.785088539123535
3.4519407749176025
-7.864933013916016
-2.1574628353118896
2.657602071762085
-7.9826130867004395
-2.3143694400787354
2.373209238052368
-7.36479377746582
-1.431770920753479
2.28494930267334
-6.9333014488220215
-1.5102241039276123
1.2944778203964233
-7.345180511474609
-1.5886772871017456
1.2748644351959229
-7.9041595458984375
-1.7553902864456177
1.9515233039855957
-8.894631385803223
-1.7357770204544067
2.6870219707489014
-8.502365112304688
-1.8926833868026733
2.1084296703338623
-8.394492149353027
-2.2947559356689453
2.7948951721191406
-8.884824752807617
-3.1283211708068848
3.775560140609741
-9.355544090270996
-3.1283211708068848
3.746140241622925
-9.296704292297363
-4.305119037628174
4.599318504333496
-9.022117614746094
-4.775838375091553
4.82487154006958
-10.287175178527832
-3.9520797729492188
3.363680839538574
-12.071986198425293
-4.314925670623779
1.9024900197982788
-13.925442695617676
-4.560091972351074
0.2059396505355835
-13.415496826171875
-4.177632808685303
-0.24516624212265015
-11.709139823913574
-5.217137813568115
0.0
-12.12101936340332
-5.472110748291016
1.598483920097351
-12.052372932434082
-5.099457740783691
2.883155107498169
-10.179302215576172
-5.472110748291016
3.0792880058288574
-7.884546279907227
-4.97197151184082
2.039783239364624
-6.65871524810791
-4.864098072052002
1.235637903213501
-6.9136881828308105
-4.501252174377441
0.6178189516067505
-7.198081016540527
-4.295312404632568
0.156906396150589
-7.1392412185668945
-4.324732780456543
0.3040061295032501
-7.1490478515625
-4.1089863777160645
1.3533176183700562
-6.727361679077148
-3.8442068099975586
1.8828767538070679
-6.187995910644531
-4.050146579742432
2.020169734954834
-5.540757179260254
-4.079566478729248
1.8730701208114624
-5.42307710647583
-4.314925670623779
2.9518015384674072
-5.579983711242676
-4.775838375091553
4.6875786781311035
-7.413827419281006
-4.658158779144287
4.589511871337891
-9.13979721069336
-4.167826175689697
2.9419949054718018
-9.100570678710938
-4.82487154006958
1.7161637544631958
-8.23758602142334
-4.903325080871582
2.059396505355835
-7.992419719696045
-5.109264373779297
2.265336036682129
-7.923772811889648
-5.040617942810059
2.1378495693206787
-7.590346813201904
-4.883711814880371
2.1084296703338623
-7.276534080505371
-4.795451641082764
1.9907499551773071
-8.43371868133545
-6.5018086433410645
2.598762273788452
-12.111212730407715
-5.962442874908447
2.598762273788452
-14.249062538146973
-2.9812214374542236
1.7161637544631958
-14.719780921936035
-1.5690639019012451
-0.823758602142334
-15.170886993408203
-4.667965412139893
3.5696206092834473
-13.052650451660156
-1.3435109853744507
3.196967840194702
-12.415218353271484
-1.8828767538070679
1.5788706541061401
-12.395605087280273
-1.4808040857315063
2.3634026050567627
-10.90499496459961
-1.206217885017395
2.9616081714630127
-9.865489959716797
-0.05883989855647087
1.7848103046417236
-9.83607006072998
-1.1081514358520508
1.5494506359100342
-10.022396087646484
-1.010084867477417
1.7455836534500122
-9.306510925292969
-0.6570455431938171
1.5102241039276123
-9.071150779724121
-1.6867437362670898
1.8828767538070679
-10.218528747558594
-2.245722770690918
2.5203089714050293
-9.532063484191895
-1.8828767538070679
2.6085689067840576
-8.649465560913086
-1.7848103046417236
2.3830158710479736
-8.365072250366211
-2.167269706726074
2.804701805114746
-8.54159164428711
-2.8733484745025635
4.099179744720459
-9.355544090270996
-3.9716930389404297
4.354152679443359
-9.73800277709961
-3.3538742065429688
3.62846040725708
-8.620044708251953
-2.736055374145508
2.8341217041015625
-7.178467750549316
-1.8730701208114624
2.3143694400787354
-6.717555046081543
-1.9711365699768066
1.5690639019012451
-6.815621376037598
-2.0103631019592285
1.863263487815857
-7.7570600509643555
-1.8240368366241455
1.833843469619751
-8.610238075256348
-1.9024900197982788
1.235637903213501
-9.679162979125977
-1.8730701208114624
0.8924051523208618
-9.277091026306152
-1.8828767538070679
1.9221034049987793
-6.992141246795654
-2.4810824394226074
2.843928337097168
-6.5606489181518555
-3.1577413082122803
3.5794272422790527
-7.668799877166748
-2.922381639480591
3.108707904815674
-8.708305358886719
-3.255807638168335
2.971414804458618
-10.669634819030762
-3.442134141921997
2.5497288703918457
-12.709418296813965
-4.8346781730651855
2.1182363033294678
-12.895744323730469
-5.187717914581299
1.5200307369232178
-13.199750900268555
-5.452497482299805
0.5687856674194336
-13.199750900268555
-4.334539413452148
0.6178189516067505
-12.415218353271484
-5.011198043823242
1.382737636566162
-12.042566299438477
-5.177911281585693
2.1182363033294678
-11.905272483825684
-5.521143913269043
2.4222424030303955
-10.934414863586426
-5.442690849304199
2.000556468963623
-8.865211486816406
-4.37376594543457
1.2454445362091064
-6.462582111358643
-3.746140241622925
0.3824593424797058
-6.76658821105957
-4.22666597366333
0.29419949650764465
-7.953193187713623
-3.9226598739624023
0.40207263827323914
-8.276812553405762
-3.7853667736053467
0.5197524428367615
-7.85512638092041
-4.148212909698486
0.6766588091850281
-7.168661117553711
-3.5794272422790527
1.039504885673523
-5.785923480987549
-3.461747407913208
1.5298373699188232
-4.344346046447754
-4.158019542694092
1.8044235706329346
-3.5794272422790527
-4.059953212738037
2.4026291370391846
-3.8834333419799805
-4.020726203918457
3.3244543075561523
-6.1095428466796875
-4.246279239654541
3.7559468746185303
-8.94366455078125
-4.56989860534668
3.8638200759887695
-10.532341957092285
-4.579705238342285
3.667686939239502
-9.286897659301758
-4.2364726066589355
3.383294105529785
-7.639379978179932
-3.9814999103546143
2.2359161376953125
-7.266727447509766
-4.471832275390625
0.6080122590065002
-8.188552856445313
-6.16838264465332
1.1473779678344727
-9.120183944702148
-6.2762556076049805
2.765475273132324
-10.130269050598145
-4.560091972351074
3.010641574859619
-10.954028129577637
-4.138406276702881
2.265336036682129
-13.150717735290527
-3.3048410415649414
0.6766588091850281
-16.563430786132813
-3.03025484085083
1.382737636566162
-15.210113525390625
-3.667686939239502
3.0400614738464355
-10.757894515991211
-3.0792880058288574
3.0204482078552246
-8.825984954833984
-1.2846710681915283
2.451662540435791
-9.110377311706543
-0.34323275089263916
1.7455836534500122
-15.925999641418457
-1.598483920097351
4.677772045135498
-12.895744323730469
-1.4611908197402954
3.177354574203491
-8.933857917785645
-2.079009771347046
1.5886772871017456
-8.227779388427734
-1.647517204284668
1.667130470275879
-8.914244651794434
-1.4611908197402954
2.8537349700927734
-10.296981811523438
-1.7750035524368286
2.9321882724761963
-10.365629196166992
-1.8044235706329346
2.696828603744507
-9.483030319213867
-1.863263487815857
2.677215337753296
-8.521978378295898
-1.9613299369812012
2.490889072418213
-8.198359489440918
-2.3535959720611572
2.7164418697357178
-8.580818176269531
-3.147934675216675
2.971414804458618
-9.43399715423584
-3.4715540409088135
3.1283211708068848
-8.590624809265137
-2.510502338409424
3.089094638824463
-7.1490478515625
-2.039783239364624
2.637988805770874
-6.952914714813232
-1.667130470275879
2.677215337753296
-7.090207576751709
-1.6769371032714844
2.039783239364624
-7.570733547210693
-2.3437893390655518
0.8433718681335449
-8.718111991882324
-2.7752819061279297
1.8926833868026733
-9.090764045715332
-1.5788706541061401
2.5301156044006348
-8.8554048538208
-1.7063570022583008
2.5889556407928467
-9.022117614746094
-3.03025484085083
2.5497288703918457
-9.286897659301758
-2.7262487411499023
2.432049036026001
-8.884824752807617
-3.3440675735473633
2.9321882724761963
-7.60015344619751
-3.4323275089263916
4.432605743408203
-8.119906425476074
-3.9422731399536133
4.8542914390563965
-9.953749656677246
-3.932466506958008
3.2460010051727295
-12.091599464416504
-5.050424575805664
2.2947559356689453
-13.327237129211426
-5.638823509216309
0.7354987263679504
-13.180137634277344
-5.030811309814453
0.4609125256538391
-11.307066917419434
-5.011198043823242
1.2846710681915283
-10.061622619628906
-6.099736213684082
0.8629851937294006
-10.983448028564453
-7.198081016540527
2.5203089714050293
-12.964390754699707
-5.374043941497803
2.7948951721191406
-9.13979721069336
-4.981778144836426
1.618097186088562
-7.0804009437561035
-5.256364345550537
1.0591181516647339
-7.1000142097473145
-4.2560858726501465
-0.06864655017852783
-6.697941780090332
-3.795173406600952
-0.5883989930152893
-6.521421909332275
-4.265892505645752
0.26477953791618347
-6.629295349121094
-4.8346781730651855
1.4415775537490845
-6.374322414398193
-4.60912561416626
1.5592572689056396
-5.697663307189941
-4.363959312438965
2.000556468963623
-5.46230411529541
-3.932466506958008
2.9125750064849854
-5.668243408203125
-3.5696206092834473
3.275420904159546
-6.492002010345459
-3.873626708984375
2.696828603744507
-7.894352912902832
-4.393379211425781
2.2555294036865234
-8.757338523864746
-4.60912561416626
2.451662540435791
-8.737725257873535
-4.540478706359863
2.490889072418213
-9.169217109680176
-4.295312404632568
2.28494930267334
-9.286897659301758
-4.2560858726501465
2.167269706726074
-8.443525314331055
-4.883711814880371
2.5497288703918457
-7.9041595458984375
-5.275977611541748
2.5399222373962402
-8.286619186401367
-5.687856674194336
3.0008349418640137
-9.718389511108398
-5.138684272766113
3.363680839538574
-11.787592887878418
-3.5500071048736572
1.618097186088562
-12.248505592346191
-3.363680839538574
2.0888164043426514
-12.268118858337402
-3.7657535076141357
2.1084296703338623
-12.503478050231934
-3.0400614738464355
4.059953212738037
-12.925164222717285
-2.3437893390655518
2.3634026050567627
-11.22861385345459
-2.4222424030303955
2.1182363033294678
-10.424468994140625
-1.3435109853744507
2.373209238052368
-12.307345390319824
-1.3140910863876343
3.5303938388824463
-14.062735557556152
-1.2160245180130005
3.314647674560547
-11.01286792755127
-1.4906107187271118
1.6573238372802734
-9.198637008666992
-1.5396440029144287
1.1767979860305786
-8.188552856445313
-0.27458620071411133
1.618097186088562
-8.423912048339844
-1.0002782344818115
2.471275806427002
-10.84615421295166
-1.667130470275879
3.1185145378112793
-10.669634819030762
-1.9907499551773071
2.579148769378662
-8.708305358886719
-2.000556468963623
2.265336036682129
-7.708026885986328
-2.0299766063690186
2.5006957054138184
-7.247114181518555
-2.6674087047576904
3.461747407913208
-8.080678939819336
-3.608847141265869
3.7657535076141357
-9.090764045715332
-3.422520875930786
3.03025484085083
-8.423912048339844
-2.5693421363830566
2.186882972717285
-7.011754512786865
-2.059396505355835
1.3337043523788452
-6.217415809631348
-1.4415775537490845
1.1767979860305786
-6.452775478363037
-1.6279038190841675
1.8926833868026733
-7.374600410461426
-2.637988805770874
2.3535959720611572
-9.129990577697754
-2.3143694400787354
3.196967840194702
-9.100570678710938
-2.4418559074401855
3.1577413082122803
-7.041174411773682
-2.4810824394226074
3.7559468746185303
-6.5018086433410645
-3.0008349418640137
3.7363336086273193
-10.659828186035156
-4.0893731117248535
3.608847141265869
-14.415775299072266
-4.285505771636963
3.0989012718200684
-13.758729934692383
-5.648630142211914
2.7164418697357178
-13.523369789123535
-5.854569911956787
1.9613299369812012
-14.288289070129395
-5.550563812255859
1.9613299369812012
-13.493949890136719
-5.7368903160095215
2.6674087047576904
-11.944499015808105
-5.177911281585693
2.147656202316284
-10.708861351013184
-4.775838375091553
1.1277647018432617
-9.080957412719727
-4.60912561416626
1.0591181516647339
-7.864933013916016
-3.8245933055877686
1.0296982526779175
-7.384407043457031
-4.60912561416626
1.5886772871017456
-7.629573345184326
-4.491445541381836
1.3925442695617676
-7.325567245483398
-4.11879301071167
1.010084867477417
-6.3350958824157715
-4.432605743408203
0.8433718681335449
-5.589790344238281
-4.491445541381836
1.4121575355529785
-4.962164878845215
-4.2560858726501465
1.5592572689056396
-4.981778144836426
-4.393379211425781
1.1964112520217896
-5.4328837394714355
-4.11879301071167
1.8926833868026733
-5.57017707824707
-3.3244543075561523
3.5696206092834473
-6.286062717437744
-3.216581106185913
4.207052707672119
-7.276534080505371
-3.3244543075561523
3.7167203426361084
-7.521700382232666
-3.746140241622925
2.7164418697357178
-7.678606986999512
-4.667965412139893
