-2.2359161376953125
-2.1574628353118896
0.5001391172409058
-2.079009771347046
4.363959312438965
3.2852277755737305
2.4026291370391846
-6.629295349121094
-5.864376544952393
-0.029419949278235435
-1.598483920097351
3.893239974975586
1.6965503692626953
-19.534847259521484
0.37265267968177795
-1.0591181516647339
-13.739116668701172
3.50097393989563
9.316317558288574
-19.534847259521484
-7.5315070152282715
6.423355579376221
-9.659549713134766
-4.579705238342285
2.020169734954834
0.11767979711294174
-2.7262487411499023
0.313812792301178
-0.7845319509506226
-1.7455836534500122
-0.32361945509910583
-3.7853667736053467
-2.373209238052368
0.7649186849594116
-19.534847259521484
-1.8534568548202515
12.150439262390137
-19.534847259521484
-6.16838264465332
9.512450218200684
-13.601822853088379
-4.354152679443359
-2.5399222373962402
-5.648630142211914
-1.7455836534500122
-4.22666597366333
4.383572578430176
2.1084296703338623
-2.804701805114746
2.6477954387664795
0.4412992298603058
9.120183944702148
-9.080957412719727
-3.108707904815674
2.5889556407928467
-19.122966766357422
3.196967840194702
-0.9610517024993896
-12.10140609741211
-2.1966896057128906
12.778064727783203
-19.534847259521484
-2.206496238708496
3.216581106185913
-12.356378555297852
-6.688135147094727
1.863263487815857
1.2944778203964233
-2.7164418697357178
0.9708583354949951
0.23535959422588348
-1.6573238372802734
1.794616937637329
-1.5592572689056396
-1.9024900197982788
-0.8924051523208618
-8.590624809265137
0.42168593406677246
6.864655017852783
-19.534847259521484
-3.608847141265869
14.033315658569336
-19.534847259521484
-8.924051284790039
3.9520797729492188
-9.914523124694824
-2.7458620071411133
-4.736611843109131
2.637988805770874
1.0591181516647339
-3.7559468746185303
5.785923480987549
2.432049036026001
5.707469940185547
-7.570733547210693
-5.521143913269043
2.6477954387664795
-3.422520875930786
3.275420904159546
4.864098072052002
-14.376548767089844
-20.329185485839844
2.8733484745025635
-18.809154510498047
2.1182363033294678
7.021561145782471
-18.46592140197754
-8.806371688842773
4.432605743408203
-7.580540180206299
-4.677772045135498
3.6971070766448975
3.589233875274658
-1.598483920097351
-0.04903324693441391
-1.0787314176559448
-2.226109504699707
-0.8139519095420837
-2.451662540435791
-1.8926833868026733
0.18632633984088898
-13.140911102294922
-3.0204482078552246
7.345180511474609
-19.534847259521484
-6.688135147094727
16.847824096679688
-18.838573455810547
-9.63012981414795
-0.029419949278235435
-8.031645774841309
-1.7750035524368286
-2.245722770690918
1.980943202972412
1.2454445362091064
-5.3053975105285645
5.825150012969971
2.6281821727752686
5.619210243225098
-6.786201477050781
-4.746418476104736
3.049868106842041
-4.991584777832031
0.7845319509506226
2.9812214374542236
-9.100570678710938
-20.005565643310547
5.933022975921631
-16.47517204284668
-0.8433718681335449
5.0798444747924805
-19.534847259521484
-6.952914714813232
3.6971070766448975
-10.189108848571777
-5.070037841796875
3.049868106842041
2.9518015384674072
-1.7750035524368286
1.1964112520217896
-0.7747253179550171
-3.0008349418640137
-0.6472389101982117
-1.8044235706329346
-2.657602071762085
-1.039504885673523
-9.5418701171875
0.7845319509506226
6.835235118865967
-19.534847259521484
-7.894352912902832
17.28912353515625
-19.534847259521484
-9.090764045715332
5.226944446563721
-10.512728691101074
-4.962164878845215
-1.8044235706329346
0.6472389101982117
0.8629851937294006
-6.433162212371826
5.070037841796875
3.9030466079711914
1.1473779678344727
-3.2460010051727295
-2.5399222373962402
5.707469940185547
-7.384407043457031
-3.4127140045166016
0.6374322175979614
-13.582209587097168
5.3053975105285645
3.5990405082702637
-12.82709789276123
-0.10787314921617508
14.955141067504883
-19.534847259521484
-4.050146579742432
4.0305328369140625
-10.699054718017578
-5.746696949005127
0.009806649759411812
0.4609125256538391
-1.186604619026184
2.8145084381103516
0.14709974825382233
-3.295034408569336
-0.029419949278235435
-1.6279038190841675
-0.9316317439079285
0.4609125256538391
-4.540478706359863
-0.7158854603767395
7.688413619995117
-19.534847259521484
-2.598762273788452
12.621158599853516
-19.534847259521484
-4.658158779144287
8.688692092895508
-10.895188331604004
-5.197524547576904
-2.0692031383514404
-0.990471601486206
-1.0296982526779175
-5.413270473480225
5.893796443939209
3.2656142711639404
-2.1574628353118896
0.6962721347808838
-0.7354987263679504
8.875018119812012
-12.493671417236328
-6.570455551147461
3.1283211708068848
-19.534847259521484
-16.26923179626465
-3.0792880058288574
-2.7066352367401123
0.4805258512496948
19.760398864746094
-19.534847259521484
3.5500071048736572
1.9907499551773071
-13.435110092163086
-5.4328837394714355
3.6578803062438965
-2.637988805770874
-0.6766588091850281
3.2263877391815186
0.627625584602356
-2.90276837348938
-0.47071918845176697
-1.0885381698608398
-1.1375713348388672
0.5491724014282227
-4.883711814880371
0.019613299518823624
1.5592572689056396
-19.534847259521484
-3.363680839538574
11.61107349395752
-19.534847259521484
-5.275977611541748
11.493393898010254
-13.170331001281738
-6.1095428466796875
-0.9316317439079285
-2.226109504699707
-0.17651969194412231
-5.403463840484619
5.148490905761719
2.7556686401367188
-3.6186537742614746
2.7066352367401123
-0.09806649386882782
8.345458984375
-12.130825996398926
-7.541313648223877
4.8542914390563965
-19.534847259521484
-12.022953033447266
3.2263877391815186
-8.384685516357422
-3.8442068099975586
14.857074737548828
-19.534847259521484
0.03922659903764725
3.8245933055877686
-13.464529991149902
-6.717555046081543
0.17651969194412231
-2.490889072418213
-1.7651969194412231
5.266170978546143
1.0493115186691284
-1.5494506359100342
-0.11767979711294174
-1.5788706541061401
-1.6867437362670898
-0.7845319509506226
-2.7164418697357178
-0.411879301071167
4.295312404632568
-19.534847259521484
-0.5589790344238281
11.209000587463379
-19.534847259521484
-5.80553674697876
11.01286792755127
-15.11204719543457
-6.3350958824157715
-0.3824593424797058
-3.5794272422790527
-1.2846710681915283
-5.717276573181152
4.97197151184082
3.03025484085083
-3.089094638824463
1.4906107187271118
0.18632633984088898
6.031089782714844
-9.855683326721191
-6.874461650848389
-0.05883989855647087
-4.1089863777160645
5.128877639770508
0.7158854603767395
-2.971414804458618
-0.7453053593635559
13.307623863220215
-19.534847259521484
-0.19613298773765564
7.237307548522949
-17.789262771606445
-10.257755279541016
3.3440675735473633
-6.207609176635742
-2.3535959720611572
5.001391410827637
1.5298373699188232
-1.2846710681915283
-0.17651969194412231
-2.0299766063690186
-2.4418559074401855
-0.5295590758323669
-1.1081514358520508
-2.4614691734313965
-0.5982056260108948
-9.355544090270996
-0.3922659754753113
7.247114181518555
-19.534847259521484
-8.090486526489258
18.28940200805664
-19.534847259521484
-11.915079116821289
4.050146579742432
-8.698498725891113
-2.991028070449829
-5.148490905761719
1.4709974527359009
0.40207263827323914
-5.46230411529541
4.7071919441223145
4.010919570922852
5.501530647277832
-8.05125904083252
-5.158297538757324
3.7657535076141357
-1.7357770204544067
-1.2650578022003174
3.873626708984375
-12.689805030822754
-8.198359489440918
3.4911673069000244
-12.729031562805176
-0.254972904920578
12.778064727783203
-19.534847259521484
-3.854013442993164
1.8730701208114624
-10.84615421295166
-4.922938346862793
-0.19613298773765564
-1.4611908197402954
-1.7553902864456177
3.1675479412078857
2.579148769378662
-2.1966896057128906
2.9812214374542236
-0.32361945509910583
-1.5102241039276123
-0.47071918845176697
-8.286619186401367
-0.3334260880947113
1.7259703874588013
-19.534847259521484
-1.4808040857315063
16.828210830688477
-19.534847259521484
-5.325010776519775
5.717276573181152
-12.140632629394531
-5.20733118057251
-0.5295590758323669
1.3925442695617676
0.6472389101982117
-7.629573345184326
6.639101982116699
3.402907371520996
0.24516624212265015
-2.3535959720611572
-3.4911673069000244
5.46230411529541
-6.796008110046387
-3.3734874725341797
3.5402004718780518
-14.337322235107422
-11.601266860961914
-0.019613299518823624
-7.198081016540527
1.647517204284668
18.87779998779297
-19.534847259521484
2.098623037338257
7.266727447509766
-11.983725547790527
-8.119906425476074
-1.8240368366241455
-2.324176073074341
-2.9812214374542236
5.119071006774902
1.4709974527359009
-2.90276837348938
0.06864655017852783
-0.5491724014282227
-0.7354987263679504
0.42168593406677246
-3.9422731399536133
-2.3830158710479736
5.2857842445373535
-19.534847259521484
-3.6774935722351074
15.131660461425781
-19.534847259521484
-4.56989860534668
6.580262184143066
-11.297260284423828
-2.28494930267334
-4.579705238342285
1.6082905530929565
0.990471601486206
-5.481917381286621
8.610238075256348
4.020726203918457
2.3437893390655518
-8.07087230682373
-6.129156112670898
2.843928337097168
-6.4821953773498535
-0.4609125256538391
2.5399222373962402
-19.534847259521484
0.627625584602356
1.4121575355529785
-8.14932632446289
-4.1089863777160645
15.867158889770508
-19.534847259521484
-2.3634026050567627
5.579983711242676
-13.945055961608887
-4.1089863777160645
-0.725692093372345
-1.8926833868026733
-3.177354574203491
4.746418476104736
2.5399222373962402
-1.618097186088562
3.667686939239502
-0.509945809841156
-1.7063570022583008
0.3824593424797058
-5.158297538757324
-0.6668521761894226
3.520587205886841
-19.534847259521484
-1.6082905530929565
12.366185188293457
-19.534847259521484
-5.854569911956787
7.10982084274292
-9.257477760314941
-4.452219009399414
-3.8442068099975586
1.9319100379943848
0.14709974825382233
-6.639101982116699
6.305675983428955
3.9520797729492188
0.9708583354949951
-5.697663307189941
-4.197246074676514
7.482473850250244
-7.502087116241455
-1.5886772871017456
-1.637710452079773
-14.121575355529785
-10.728474617004395
0.411879301071167
-9.443803787231445
0.0
18.259981155395508
-19.534847259521484
3.5696206092834473
3.8245933055877686
-14.072542190551758
-5.874183177947998
0.3922659754753113
-1.0787314176559448
-2.657602071762085
4.2560858726501465
0.42168593406677246
-2.6477954387664795
1.1179580688476563
0.0784531980752945
-0.5785923600196838
0.3922659754753113
-2.0299766063690186
-2.2163028717041016
3.6382670402526855
-19.534847259521484
-2.0888164043426514
9.92432975769043
-19.534847259521484
-5.050424575805664
12.052372932434082
-13.729310035705566
-5.91340970993042
-0.5197524428367615
-2.41243577003479
-1.0787314176559448
-6.148769378662109
5.050424575805664
3.089094638824463
-4.550285339355469
2.000556468963623
0.4609125256538391
6.796008110046387
-11.179580688476563
-7.296147346496582
4.579705238342285
-19.534847259521484
-3.147934675216675
-0.42168593406677246
-7.482473850250244
-0.17651969194412231
14.670747756958008
-19.534847259521484
3.03025484085083
6.413548946380615
-13.601822853088379
-5.57017707824707
0.4805258512496948
-2.883155107498169
-2.4222424030303955
5.579983711242676
1.7063570022583008
-3.854013442993164
0.6766588091850281
-0.32361945509910583
-0.7845319509506226
0.45110589265823364
-3.314647674560547
-2.6477954387664795
3.589233875274658
-19.534847259521484
-1.431770920753479
10.620601654052734
-19.534847259521484
-5.638823509216309
11.797399520874023
-12.189665794372559
-5.7368903160095215
-1.6867437362670898
-0.7943386435508728
-0.6766588091850281
-7.090207576751709
6.354709148406982
3.3931007385253906
-3.559813976287842
0.627625584602356
-1.0493115186691284
7.776673316955566
-11.52281379699707
-7.482473850250244
1.7063570022583008
-18.152109146118164
-6.2566423416137695
-1.81423020362854
-3.814786672592163
-0.6668521761894226
17.014537811279297
-19.534847259521484
6.217415809631348
4.216859340667725
-13.601822853088379
-6.717555046081543
1.019891619682312
-4.648352146148682
-0.8727918267250061
4.305119037628174
0.7943386435508728
-2.471275806427002
0.18632633984088898
-0.04903324693441391
-1.9907499551773071
0.40207263827323914
-3.9422731399536133
0.8041452765464783
1.186604619026184
-19.534847259521484
-1.81423020362854
9.718389511108398
-19.534847259521484
-6.3154826164245605
11.287453651428223
-14.21964168548584
-4.82487154006958
-1.7063570022583008
-1.5396440029144287
0.09806649386882782
-6.854848384857178
6.962721347808838
3.3244543075561523
-3.314647674560547
0.0784531980752945
-1.1375713348388672
5.982056140899658
-9.483030319213867
-4.452219009399414
0.26477953791618347
-19.534847259521484
-9.198637008666992
1.5004174709320068
-8.816178321838379
-0.6864655017852783
17.848102569580078
-19.534847259521484
3.3048410415649414
5.001391410827637
-12.650578498840332
-6.099736213684082
-1.2160245180130005
-2.432049036026001
-3.442134141921997
5.099457740783691
0.23535959422588348
-1.402350902557373
0.7649186849594116
0.990471601486206
-1.6965503692626953
0.9610517024993896
-4.491445541381836
1.2650578022003174
-0.26477953791618347
-19.534847259521484
-1.9417166709899902
10.571568489074707
-19.534847259521484
-4.197246074676514
10.679441452026367
-12.709418296813965
-4.393379211425781
-2.28494930267334
0.22555294632911682
2.2555294036865234
-9.375157356262207
8.07087230682373
3.461747407913208
-3.1381278038024902
-1.8534568548202515
-4.589511871337891
8.384685516357422
-9.894909858703613
-3.873626708984375
-1.863263487815857
-7.580540180206299
-7.050981044769287
6.796008110046387
-9.708582878112793
-1.2454445362091064
19.25045394897461
-19.534847259521484
3.912853240966797
2.736055374145508
-8.953471183776855
-4.873904705047607
-0.5001391172409058
1.402350902557373
-4.197246074676514
4.452219009399414
-1.5592572689056396
-2.079009771347046
0.5197524428367615
0.3334260880947113
-1.1473779678344727
0.6766588091850281
-2.8929617404937744
-2.1966896057128906
3.6578803062438965
-19.534847259521484
-1.2650578022003174
9.934136390686035
-19.534847259521484
-5.334817409515381
9.914523124694824
-10.748087882995605
-6.040896415710449
-1.81423020362854
-0.029419949278235435
1.618097186088562
-7.5315070152282715
8.316039085388184
4.001112937927246
-0.5197524428367615
-4.942551612854004
-4.60912561416626
6.452775478363037
-8.639657974243164
-1.4906107187271118
-1.1571847200393677
-13.562596321105957
11.316873550415039
-1.8828767538070679
-14.935527801513672
0.8433718681335449
7.913966178894043
-19.534847259521484
-5.050424575805664
5.187717914581299
-10.895188331604004
-4.579705238342285
1.1179580688476563
3.010641574859619
-3.049868106842041
2.677215337753296
-0.3922659754753113
-3.667686939239502
1.637710452079773
-1.019891619682312
-2.6085689067840576
3.8049800395965576
-16.082904815673828
-0.9414383769035339
1.7063570022583008
-19.534847259521484
-4.82487154006958
19.760398864746094
-19.534847259521484
-7.472667217254639
0.8924051523208618
-6.119349479675293
-0.823758602142334
-7.85512638092041
5.275977611541748
2.451662540435791
-6.452775478363037
5.030811309814453
3.559813976287842
6.040896415710449
-12.974197387695313
-6.815621376037598
0.4609125256538391
-3.687300205230713
11.73855972290039
3.5696206092834473
-2.1280429363250732
0.26477953791618347
12.042566299438477
-19.534847259521484
0.23535959422588348
2.2947559356689453
-16.033872604370117
-11.238420486450195
2.5497288703918457
-4.069759845733643
-2.7752819061279297
5.629016876220703
1.255251169204712
-3.1185145378112793
0.11767979711294174
-0.7354987263679504
-2.0692031383514404
-0.04903324693441391
-0.4903324842453003
-2.6477954387664795
6.8940749168396
-19.534847259521484
-1.7553902864456177
7.874739646911621
-19.534847259521484
-6.727361679077148
14.484421730041504
-14.592294692993164
-5.393657207489014
-0.5883989930152893
-3.2263877391815186
-1.9122966527938843
-6.207609176635742
6.590068817138672
2.863541841506958
-3.520587205886841
2.1084296703338623
0.5491724014282227
4.589511871337891
-11.326680183410645
-7.10982084274292
0.5589790344238281
-10.767701148986816
5.530950546264648
1.0296982526779175
-7.4040207862854
-1.2454445362091064
17.396997451782227
-19.534847259521484
10.061622619628906
3.4715540409088135
-14.38635540008545
-7.1000142097473145
-0.509945809841156
-1.598483920097351
-1.3533176183700562
5.334817409515381
1.4808040857315063
-2.9518015384674072
1.1767979860305786
-0.8041452765464783
-2.1280429363250732
-0.7649186849594116
-6.952914714813232
1.3925442695617676
0.04903324693441391
-19.534847259521484
-0.7453053593635559
13.53317642211914
-19.534847259521484
-7.168661117553711
10.453888893127441
-6.962721347808838
-3.9913065433502197
-2.598762273788452
1.9221034049987793
2.059396505355835
-9.698776245117188
8.365072250366211
4.8542914390563965
1.637710452079773
-8.316039085388184
-7.3059539794921875
7.217694282531738
-5.383850574493408
-0.11767979711294174
3.726526975631714
-17.249897003173828
10.855960845947266
1.9417166709899902
-13.846989631652832
1.5592572689056396
7.3059539794921875
-19.534847259521484
-4.8542914390563965
6.129156112670898
-8.982891082763672
-4.7071919441223145
-1.5396440029144287
1.2944778203964233
-2.1966896057128906
4.873904705047607
0.2059396505355835
-4.001112937927246
1.421964168548584
0.0
-2.000556468963623
-0.6570455431938171
-12.111212730407715
-1.0983448028564453
0.29419949650764465
-19.534847259521484
-0.29419949650764465
15.81812572479248
-19.534847259521484
-3.6578803062438965
4.22666597366333
-7.433440685272217
-2.736055374145508
-3.814786672592163
7.031367778778076
3.814786672592163
-7.7374467849731445
7.00194787979126
3.8049800395965576
5.158297538757324
-10.502922058105469
-6.148769378662109
2.8145084381103516
-2.7752819061279297
3.4519407749176025
3.461747407913208
-13.444916725158691
-12.150439262390137
6.099736213684082
-17.406803131103516
0.10787314921617508
4.746418476104736
-19.534847259521484
-9.149603843688965
3.314647674560547
-7.619766712188721
-2.079009771347046
1.3238977193832397
2.0299766063690186
-4.4620256423950195
1.9122966527938843
-0.6766588091850281
-1.8436501026153564
2.1084296703338623
-2.7262487411499023
-2.1770763397216797
1.647517204284668
-19.534847259521484
-1.3238977193832397
6.16838264465332
-19.534847259521484
-3.7363336086273193
15.543540000915527
-16.7203369140625
-6.305675983428955
0.156906396150589
-3.7363336086273193
-1.3729310035705566
-8.14932632446289
8.443525314331055
4.295312404632568
-5.42307710647583
1.81423020362854
-0.9806649684906006
9.120183944702148
-11.973918914794922
-5.80553674697876
-5.001391410827637
-4.334539413452148
10.512728691101074
2.696828603744507
-8.688692092895508
-2.4026291370391846
12.238698959350586
-19.534847259521484
1.5690639019012451
2.6870219707489014
-12.91535758972168
-10.277368545532227
3.5500071048736572
-5.20733118057251
-1.5102241039276123
4.491445541381836
0.8825984597206116
-1.667130470275879
0.3040061295032501
-0.411879301071167
-1.6769371032714844
-0.5393657088279724
-1.9613299369812012
-1.186604619026184
1.9613299369812012
-19.534847259521484
-0.725692093372345
8.119906425476074
-19.534847259521484
-5.776116847991943
12.454444885253906
-15.239533424377441
-4.815064907073975
-0.5785923600196838
-2.7164418697357178
-0.5491724014282227
-7.315760612487793
6.119349479675293
3.422520875930786
-4.37376594543457
1.9907499551773071
-0.03922659903764725
6.305675983428955
-8.973084449768066
-6.06050968170166
-1.2454445362091064
-1.6573238372802734
9.796843528747559
2.637988805770874
-9.306510925292969
-1.1767979860305786
8.74753189086914
-19.534847259521484
-2.0888164043426514
4.864098072052002
-12.689805030822754
-8.080678939819336
4.618932247161865
-2.9518015384674072
-1.431770920753479
4.158019542694092
-0.5491724014282227
-1.5102241039276123
0.8727918267250061
0.7943386435508728
-2.2947559356689453
1.2748644351959229
-0.5589790344238281
-2.6477954387664795
1.637710452079773
-19.534847259521484
-3.0400614738464355
5.521143913269043
-19.534847259521484
-7.227500915527344
17.534290313720703
-15.180693626403809
-4.648352146148682
-1.980943202972412
-3.4715540409088135
0.6080122590065002
-8.208166122436523
7.345180511474609
2.7948951721191406
-4.540478706359863
3.3931007385253906
-0.18632633984088898
9.34573745727539
-10.92460823059082
-4.050146579742432
-3.442134141921997
-0.6080122590065002
10.110655784606934
5.668243408203125
-19.534847259521484
-21.417722702026367
11.277647018432617
-18.259981155395508
0.127486452460289
3.03025484085083
-17.544095993041992
-12.042566299438477
5.138684272766113
-8.208166122436523
-2.5301156044006348
0.6962721347808838
2.186882972717285
-3.089094638824463
2.804701805114746
-0.6472389101982117
-2.373209238052368
0.7354987263679504
-1.647517204284668
-3.0989012718200684
3.2852277755737305
-19.10335350036621
-4.501252174377441
8.698498725891113
-19.534847259521484
-6.756781578063965
14.837461471557617
-18.89741325378418
-4.099179744720459
1.2650578022003174
-5.982056140899658
-2.618375539779663
-3.0989012718200684
5.3053975105285645
1.81423020362854
-6.021283149719238
7.227500915527344
3.873626708984375
6.2762556076049805
-11.679719924926758
-6.3154826164245605
-0.8825984597206116
-4.618932247161865
12.5917387008667
4.412992477416992
-13.454723358154297
-13.837182998657227
10.002782821655273
-16.67130470275879
-0.04903324693441391
4.403185844421387
-17.043956756591797
-7.9041595458984375
0.4314925968647003
-6.688135147094727
-2.510502338409424
5.854569911956787
1.4906107187271118
-1.235637903213501
2.324176073074341
0.4903324842453003
-2.2555294036865234
-0.26477953791618347
-2.020169734954834
-3.520587205886841
2.1770763397216797
-19.534847259521484
-3.932466506958008
11.983725547790527
-19.534847259521484
-5.5113372802734375
9.708582878112793
-16.7203369140625
-5.9036030769348145
-1.5004174709320068
-2.991028070449829
-2.5203089714050293
-3.0400614738464355
5.177911281585693
2.9518015384674072
-3.4519407749176025
3.5794272422790527
2.41243577003479
6.51161527633667
-13.111491203308105
-5.354430675506592
-2.696828603744507
-3.8638200759887695
1.833843469619751
6.286062717437744
-11.33648681640625
1.3140910863876343
18.67186164855957
-19.534847259521484
3.667686939239502
2.2359161376953125
-14.072542190551758
-6.65871524810791
-0.6080122590065002
-2.490889072418213
-2.490889072418213
4.599318504333496
0.6962721347808838
-3.2852277755737305
0.18632633984088898
-0.37265267968177795
-1.4611908197402954
0.5491724014282227
-3.177354574203491
-2.971414804458618
3.2067744731903076
-19.534847259521484
-2.3634026050567627
11.709139823913574
-19.534847259521484
-5.687856674194336
8.374878883361816
-12.33676528930664
-6.237029075622559
-1.0591181516647339
0.3040061295032501
0.2059396505355835
-7.1392412185668945
7.913966178894043
3.687300205230713
0.4314925968647003
-2.471275806427002
-3.932466506958008
5.109264373779297
-10.238142013549805
-6.178189277648926
-1.6769371032714844
-19.534847259521484
-16.10251808166504
2.7066352367401123
-6.815621376037598
-5.236751079559326
16.26923179626465
-19.534847259521484
-0.254972904920578
3.442134141921997
-12.925164222717285
-6.9333014488220215
-0.04903324693441391
-3.363680839538574
-3.2460010051727295
5.560370445251465
1.235637903213501
-3.2067744731903076
1.5102241039276123
0.18632633984088898
-0.7551120519638062
-0.7453053593635559
-5.952636241912842
1.3925442695617676
1.0591181516647339
-19.534847259521484
-3.0400614738464355
15.249340057373047
-19.534847259521484
-5.256364345550537
8.100293159484863
-13.53317642211914
-6.1095428466796875
-1.186604619026184
0.7551120519638062
0.5589790344238281
-8.23758602142334
7.011754512786865
3.62846040725708
-2.226109504699707
-2.324176073074341
-3.648073673248291
8.414105415344238
-8.100293159484863
-1.8730701208114624
3.5696206092834473
-12.375991821289063
-12.12101936340332
2.28494930267334
-8.100293159484863
-2.9125750064849854
14.49422836303711
-19.534847259521484
-1.7750035524368286
4.579705238342285
-11.944499015808105
-5.364237308502197
-1.1179580688476563
-1.3337043523788452
-3.3440675735473633
5.746696949005127
1.45138418674469
-1.4415775537490845
0.9610517024993896
-0.45110589265823364
-1.3140910863876343
-1.3925442695617676
-7.247114181518555
0.5001391172409058
2.6477954387664795
-19.534847259521484
-1.9417166709899902
17.161636352539063
-19.534847259521484
-6.364515781402588
5.089651107788086
-9.953749656677246
-5.040617942810059
-2.147656202316284
2.432049036026001
-0.3040061295032501
-8.14932632446289
8.002225875854492
4.442412376403809
0.8041452765464783
-6.639101982116699
-7.011754512786865
7.688413619995117
-4.158019542694092
-2.2359161376953125
5.697663307189941
-17.298931121826172
-9.875296592712402
3.196967840194702
-18.84838104248047
-0.5295590758323669
6.237029075622559
-19.534847259521484
-7.041174411773682
2.2947559356689453
-6.452775478363037
-3.0596747398376465
3.147934675216675
1.1179580688476563
-0.3824593424797058
1.9024900197982788
-1.0296982526779175
-2.9518015384674072
-0.26477953791618347
-0.6570455431938171
-4.560091972351074
4.177632808685303
-19.27006721496582
0.7551120519638062
13.42530345916748
-19.534847259521484
-7.845319747924805
14.356935501098633
-16.945890426635742
-10.914801597595215
2.079009771347046
-5.472110748291016
-2.2751426696777344
-5.236751079559326
6.668521881103516
3.236194372177124
-7.5315070152282715
4.981778144836426
5.030811309814453
4.050146579742432
-12.287732124328613
-9.610516548156738
2.1084296703338623
-4.167826175689697
13.229170799255371
2.971414804458618
-11.454167366027832
-3.648073673248291
12.31715202331543
-19.534847259521484
3.9422731399536133
7.609960079193115
-13.31743049621582
-11.218807220458984
0.2843928337097168
-3.7853667736053467
-1.9711365699768066
5.413270473480225
1.6082905530929565
-1.7848103046417236
0.8825984597206116
0.11767979711294174
-2.4026291370391846
0.03922659903764725
-0.7649186849594116
-2.5889556407928467
4.599318504333496
-19.534847259521484
-2.8537349700927734
11.660106658935547
-19.534847259521484
-9.316317558288574
12.003339767456055
-15.249340057373047
-4.2560858726501465
-3.9226598739624023
-3.9030466079711914
-1.1669913530349731
-5.844763278961182
4.138406276702881
4.0305328369140625
-2.3634026050567627
2.9812214374542236
0.8825984597206116
6.129156112670898
-10.777507781982422
-5.766310214996338
-2.7066352367401123
-3.0204482078552246
3.334260940551758
5.589790344238281
-7.453053951263428
-4.216859340667725
18.024621963500977
-19.534847259521484
4.864098072052002
6.3154826164245605
-15.278759956359863
-10.100849151611328
-0.156906396150589
-3.9913065433502197
-0.6570455431938171
2.90276837348938
2.559535503387451
-2.0888164043426514
2.7458620071411133
0.156906396150589
-1.1081514358520508
-0.7845319509506226
-4.873904705047607
-3.03025484085083
1.794616937637329
-19.534847259521484
-0.5393657088279724
11.395326614379883
-19.534847259521484
-5.776116847991943
8.865211486816406
-11.258033752441406
-5.168104648590088
-1.1669913530349731
0.24516624212265015
-0.5687856674194336
-6.845041751861572
7.619766712188721
3.726526975631714
-2.8929617404937744
-0.9120184183120728
-1.010084867477417
6.011476516723633
-10.748087882995605
-4.579705238342285
-1.010084867477417
-3.795173406600952
4.60912561416626
7.776673316955566
-6.070316314697266
-1.6082905530929565
14.572681427001953
-19.534847259521484
3.3048410415649414
4.432605743408203
-14.425581932067871
-7.619766712188721
1.8926833868026733
-5.040617942810059
-1.637710452079773
4.344346046447754
1.1179580688476563
-2.2359161376953125
1.1375713348388672
-0.16671304404735565
-1.9024900197982788
-0.7551120519638062
-1.5396440029144287
-3.3440675735473633
5.942829608917236
-19.534847259521484
-0.3628460466861725
6.727361679077148
-19.534847259521484
-6.786201477050781
12.817291259765625
-14.739394187927246
-3.0596747398376465
-0.7649186849594116
-3.1675479412078857
-1.0885381698608398
-5.80553674697876
6.874461650848389
2.785088539123535
-5.197524547576904
2.804701805114746
0.5197524428367615
5.177911281585693
-10.473502159118652
-5.864376544952393
2.0495898723602295
-12.01314640045166
7.698220252990723
2.098623037338257
-9.561483383178711
-0.09806649386882782
18.28940200805664
-19.534847259521484
5.217137813568115
4.981778144836426
-13.719503402709961
-9.92432975769043
-1.0983448028564453
-5.442690849304199
-1.431770920753479
5.197524547576904
-0.34323275089263916
-3.177354574203491
2.618375539779663
0.42168593406677246
-1.9024900197982788
0.5589790344238281
-1.039504885673523
-2.9518015384674072
4.001112937927246
-19.534847259521484
-0.6962721347808838
5.756503582000732
-19.534847259521484
-7.25692081451416
14.435388565063477
-14.89630126953125
-3.6971070766448975
-0.5883989930152893
-2.6870219707489014
-1.7553902864456177
-7.629573345184326
8.306232452392578
2.9518015384674072
-4.550285339355469
2.4810824394226074
-1.9613299369812012
8.119906425476074
-10.600988388061523
-5.3053975105285645
-4.324732780456543
-5.727083683013916
8.531785011291504
2.2947559356689453
-9.355544090270996
2.8145084381103516
16.583044052124023
-19.534847259521484
6.541035175323486
2.0103631019592285
-13.082070350646973
-8.669078826904297
0.4805258512496948
-4.177632808685303
-2.785088539123535
7.7570600509643555
1.1571847200393677
-2.206496238708496
1.980943202972412
0.019613299518823624
-0.5785923600196838
-0.7453053593635559
-1.255251169204712
-3.177354574203491
5.540757179260254
-19.534847259521484
-0.5883989930152893
8.306232452392578
-19.534847259521484
-5.962442874908447
12.297538757324219
-13.02323055267334
-3.8049800395965576
-2.373209238052368
-1.7848103046417236
-0.009806649759411812
-7.345180511474609
7.894352912902832
2.5693421363830566
-4.942551612854004
2.5497288703918457
1.010084867477417
8.07087230682373
-15.523926734924316
-8.168939590454102
-2.510502338409424
-0.9512450098991394
-0.009806649759411812
3.314647674560547
-17.171443939208984
0.5785923600196838
5.668243408203125
-19.534847259521484
-6.697941780090332
6.65871524810791
-9.394770622253418
-3.422520875930786
-3.6578803062438965
1.0002782344818115
-1.9515233039855957
7.433440685272217
-2.265336036682129
-5.011198043823242
0.5001391172409058
1.0787314176559448
-2.5889556407928467
0.04903324693441391
-7.698220252990723
3.089094638824463
2.245722770690918
-19.534847259521484
-1.186604619026184
16.661497116088867
-19.534847259521484
-4.511058807373047
3.147934675216675
-8.620044708251953
-5.089651107788086
-1.7063570022583008
5.217137813568115
2.1966896057128906
-8.031645774841309
6.070316314697266
6.2566423416137695
3.1283211708068848
-11.01286792755127
-8.924051284790039
2.5889556407928467
-3.3931007385253906
15.239533424377441
6.648908615112305
-15.09243392944336
-3.5794272422790527
6.344902515411377
-19.534847259521484
1.3140910863876343
8.678885459899902
-13.454723358154297
-9.483030319213867
-0.8629851937294006
-4.354152679443359
-2.7752819061279297
5.236751079559326
1.598483920097351
-2.000556468963623
1.2650578022003174
0.3040061295032501
-0.8531785011291504
0.19613298773765564
-2.4810824394226074
-3.3931007385253906
2.373209238052368
-19.534847259521484
-0.7649186849594116
7.923772811889648
-19.534847259521484
-5.6584367752075195
12.238698959350586
-12.258312225341797
-4.805258274078369
-0.19613298773765564
-0.9610517024993896
-0.8531785011291504
-6.854848384857178
7.60015344619751
3.255807638168335
-4.981778144836426
1.598483920097351
0.019613299518823624
7.1490478515625
-15.837738990783691
-9.63012981414795
1.5200307369232178
-13.984282493591309
-16.377105712890625
2.7556686401367188
-9.767423629760742
-2.245722770690918
12.748644828796387
-19.534847259521484
-2.9321882724761963
8.119906425476074
-11.003061294555664
-5.589790344238281
-3.746140241622925
-1.5200307369232178
-2.265336036682129
7.090207576751709
1.0787314176559448
-4.334539413452148
0.6374322175979614
-0.04903324693441391
-1.010084867477417
-0.725692093372345
-6.2762556076049805
0.5001391172409058
2.7458620071411133
-19.534847259521484
-0.127486452460289
14.00389575958252
-19.534847259521484
-6.286062717437744
8.208166122436523
-11.071707725524902
-6.2762556076049805
-0.3334260880947113
1.206217885017395
0.6864655017852783
-8.924051284790039
8.571011543273926
3.726526975631714
-1.81423020362854
-2.2947559356689453
-3.4519407749176025
9.012310981750488
-13.523369789123535
-4.8346781730651855
2.804701805114746
-19.534847259521484
-8.718111991882324
2.392822504043579
-8.571011543273926
-1.3533176183700562
15.337599754333496
-19.534847259521484
-0.34323275089263916
4.442412376403809
-10.159688949584961
-5.217137813568115
0.127486452460289
-2.000556468963623
-3.2852277755737305
5.158297538757324
-0.10787314921617508
-3.706913709640503
1.2846710681915283
0.6668521761894226
-0.9610517024993896
-0.6962721347808838
-2.1084296703338623
-2.7948951721191406
5.599596977233887
-19.534847259521484
-0.9120184183120728
10.90499496459961
-19.534847259521484
-6.492002010345459
10.365629196166992
-14.121575355529785
-5.6584367752075195
-1.421964168548584
-1.637710452079773
-1.1081514358520508
-5.57017707824707
6.776394844055176
3.559813976287842
-3.775560140609741
2.7556686401367188
2.3830158710479736
7.717833518981934
-13.238977432250977
-9.228057861328125
-4.187439441680908
-2.5497288703918457
2.598762273788452
5.9036030769348145
-9.414383888244629
4.059953212738037
17.769649505615234
-19.534847259521484
7.786479949951172
3.089094638824463
-12.111212730407715
-10.14007568359375
-0.3824593424797058
-3.4127140045166016
-1.833843469619751
6.413548946380615
1.255251169204712
-2.6281821727752686
1.3042844533920288
0.5883989930152893
-1.431770920753479
0.47071918845176697
-3.236194372177124
-2.9812214374542236
0.8335652351379395
-19.534847259521484
-1.255251169204712
10.777507781982422
-19.534847259521484
-5.168104648590088
10.84615421295166
-12.640771865844727
-5.972249507904053
-1.4611908197402954
-0.42168593406677246
-0.21574629843235016
-7.835513114929199
8.423912048339844
2.843928337097168
-3.3440675735473633
-0.4903324842453003
-2.245722770690918
9.502643585205078
-11.405133247375488
-5.834956645965576
-1.8436501026153564
-12.346571922302246
-10.002782821655273
4.2364726066589355
-10.43427562713623
-1.7651969194412231
15.151273727416992
-19.534847259521484
2.5399222373962402
5.109264373779297
-12.53289794921875
-4.795451641082764
-0.6472389101982117
-2.598762273788452
-3.5990405082702637
6.325289249420166
1.5200307369232178
-3.5402004718780518
1.3533176183700562
0.725692093372345
-0.7649186849594116
-0.24516624212265015
-4.952358245849609
-0.16671304404735565
1.4808040857315063
-19.534847259521484
-0.18632633984088898
15.11204719543457
-19.534847259521484
-5.3053975105285645
7.5315070152282715
-12.20927906036377
-7.25692081451416
-0.5687856674194336
1.4709974527359009
-0.5883989930152893
-7.325567245483398
8.061065673828125
3.6578803062438965
-3.0989012718200684
-0.7060787677764893
-1.4808040857315063
9.728196144104004
-13.945055961608887
-9.414383888244629
