4.334539413452148
-7.864933013916016
-5.070037841796875
4.158019542694092
-7.776673316955566
-4.697385311126709
4.452219009399414
-8.110099792480469
-5.46230411529541
4.344346046447754
-8.168939590454102
-4.60912561416626
5.021004676818848
-7.335373878479004
-6.40374231338501
5.168104648590088
-7.178467750549316
-5.187717914581299
4.648352146148682
-7.1392412185668945
-6.237029075622559
4.883711814880371
-7.296147346496582
-5.815343379974365
5.481917381286621
-7.247114181518555
-5.109264373779297
5.972249507904053
-6.76658821105957
-5.383850574493408
5.236751079559326
-6.982334613800049
-4.932744979858398
6.050703048706055
-6.629295349121094
-5.138684272766113
6.129156112670898
-6.76658821105957
-5.177911281585693
6.178189277648926
-7.041174411773682
-4.922938346862793
6.393935680389404
-6.756781578063965
-5.864376544952393
5.579983711242676
-6.903881549835205
-4.579705238342285
5.6584367752075195
-6.717555046081543
-5.3053975105285645
6.080122947692871
-6.521421909332275
-7.1392412185668945
6.4821953773498535
-6.864655017852783
-5.80553674697876
6.746974945068359
-6.521421909332275
-6.197802543640137
6.158576011657715
-6.266448974609375
-6.550841808319092
5.491724014282227
-5.9036030769348145
-5.933022975921631
6.40374231338501
-5.952636241912842
-5.491724014282227
6.776394844055176
-6.031089782714844
-5.91340970993042
6.7077484130859375
-5.619210243225098
-6.737168312072754
6.148769378662109
-5.579983711242676
-6.40374231338501
6.227222442626953
-5.834956645965576
-5.217137813568115
6.364515781402588
-5.295590877532959
-4.952358245849609
6.51161527633667
-5.560370445251465
-5.991862773895264
6.001669883728027
-6.2762556076049805
-7.7570600509643555
4.795451641082764
-6.796008110046387
-8.168939590454102
5.579983711242676
-6.040896415710449
-7.00194787979126
6.65871524810791
-4.9131317138671875
-6.903881549835205
7.649186611175537
-4.393379211425781
-6.845041751861572
7.678606986999512
-4.60912561416626
-6.040896415710449
8.43371868133545
-4.71699857711792
-6.29586935043335
8.227779388427734
-4.932744979858398
-7.070594310760498
7.394214153289795
-5.070037841796875
-7.296147346496582
8.031645774841309
-4.452219009399414
-7.198081016540527
8.325845718383789
-3.5402004718780518
-7.85512638092041
8.031645774841309
-3.2852277755737305
-7.315760612487793
8.276812553405762
-3.049868106842041
-7.286340713500977
7.894352912902832
-2.863541841506958
-7.482473850250244
7.423634052276611
-2.510502338409424
-7.845319747924805
6.629295349121094
-2.5693421363830566
-7.629573345184326
7.708026885986328
-2.922381639480591
-8.208166122436523
7.247114181518555
-3.3048410415649414
-7.972806453704834
7.433440685272217
-2.637988805770874
-7.286340713500977
7.227500915527344
-2.5889556407928467
-7.276534080505371
8.355265617370605
-2.1574628353118896
-7.1588544845581055
8.23758602142334
-2.696828603744507
-7.560926914215088
8.012032508850098
-3.255807638168335
-7.658993244171143
8.325845718383789
-3.5500071048736572
-7.943386077880859
8.56120491027832
-3.196967840194702
-7.60015344619751
9.443803787231445
-2.3830158710479736
-7.5315070152282715
8.649465560913086
-2.2751426696777344
-7.776673316955566
7.766866683959961
-2.6870219707489014
-7.639379978179932
7.698220252990723
-2.8145084381103516
-7.717833518981934
8.443525314331055
-1.9122966527938843
-7.649186611175537
8.384685516357422
-1.5102241039276123
-8.041452407836914
7.9629998207092285
-1.5592572689056396
-7.521700382232666
7.85512638092041
-1.2650578022003174
-7.74725341796875
6.8940749168396
-1.3140910863876343
-7.394214153289795
7.502087116241455
-1.0787314176559448
-8.021839141845703
7.560926914215088
-1.8044235706329346
-7.845319747924805
7.335373878479004
-1.833843469619751
-7.551120281219482
7.776673316955566
-1.9024900197982788
-8.208166122436523
7.619766712188721
-2.020169734954834
-8.914244651794434
7.953193187713623
-1.7750035524368286
-8.502365112304688
7.394214153289795
-1.431770920753479
-8.678885459899902
6.031089782714844
-1.3925442695617676
-8.247392654418945
6.462582111358643
-1.0787314176559448
-8.090486526489258
6.472388744354248
0.35303938388824463
-8.002225875854492
7.570733547210693
1.4415775537490845
-7.992419719696045
7.668799877166748
-0.6766588091850281
-7.884546279907227
6.727361679077148
-3.2852277755737305
-7.9826130867004395
5.021004676818848
-2.2751426696777344
-8.659272193908691
5.982056140899658
-1.2748644351959229
-7.688413619995117
8.688692092895508
-1.2846710681915283
-9.83607006072998
8.404298782348633
-0.254972904920578
-10.41466236114502
6.688135147094727
-1.039504885673523
-8.914244651794434
6.040896415710449
-0.3824593424797058
-8.178746223449707
5.3053975105285645
-1.235637903213501
-6.2762556076049805
6.717555046081543
-1.1669913530349731
-7.560926914215088
6.962721347808838
-1.235637903213501
-7.521700382232666
7.237307548522949
-0.5589790344238281
-7.796286582946777
7.649186611175537
0.40207263827323914
-8.12971305847168
7.36479377746582
0.7747253179550171
-8.05125904083252
7.296147346496582
-0.127486452460289
-8.688692092895508
6.923494815826416
-1.81423020362854
-8.865211486816406
7.25692081451416
-2.5693421363830566
-9.43399715423584
7.727640151977539
-3.893239974975586
-9.64974308013916
7.129434585571289
-4.167826175689697
-8.208166122436523
6.197802543640137
-3.0204482078552246
-8.74753189086914
6.129156112670898
-2.186882972717285
-8.845598220825195
7.394214153289795
-1.4906107187271118
-8.698498725891113
8.100293159484863
-1.637710452079773
-9.81645679473877
7.766866683959961
-2.1770763397216797
-10.385242462158203
6.2566423416137695
-2.41243577003479
-8.718111991882324
7.4040207862854
-1.1473779678344727
-8.502365112304688
8.021839141845703
-1.1179580688476563
-9.23786449432373
7.0804009437561035
-1.3533176183700562
-8.061065673828125
6.2566423416137695
-1.255251169204712
-7.394214153289795
6.962721347808838
-1.3533176183700562
-8.521978378295898
7.953193187713623
-1.647517204284668
-9.0319242477417
6.550841808319092
-2.7164418697357178
-8.041452407836914
5.540757179260254
-2.6674087047576904
-7.237307548522949
6.874461650848389
-1.1964112520217896
-8.472945213317871
8.708305358886719
-1.3140910863876343
-9.708582878112793
9.129990577697754
-2.392822504043579
-9.5418701171875
9.473223686218262
-3.1185145378112793
-9.953749656677246
8.443525314331055
-4.246279239654541
-11.552233695983887
6.178189277648926
-4.56989860534668
-9.247671127319336
4.383572578430176
-5.413270473480225
-7.266727447509766
3.383294105529785
-5.452497482299805
-6.786201477050781
3.422520875930786
-4.452219009399414
-5.785923480987549
3.1185145378112793
-3.177354574203491
-5.609403610229492
3.4127140045166016
-3.363680839538574
-5.413270473480225
3.6186537742614746
-2.9321882724761963
-6.011476516723633
4.8542914390563965
-1.431770920753479
-6.805814743041992
8.590624809265137
0.7060787677764893
-7.521700382232666
8.924051284790039
1.647517204284668
-8.12971305847168
8.708305358886719
-0.725692093372345
-9.061344146728516
9.306510925292969
-3.422520875930786
-9.483030319213867
9.885103225708008
-4.040339469909668
-10.52253532409668
9.639936447143555
-3.775560140609741
-9.688969612121582
6.16838264465332
-3.1675479412078857
-6.492002010345459
5.393657207489014
-2.2947559356689453
-6.786201477050781
7.551120281219482
-3.873626708984375
-8.365072250366211
8.198359489440918
-4.873904705047607
-9.963556289672852
8.355265617370605
-5.42307710647583
-10.365629196166992
7.4040207862854
-3.9226598739624023
-8.43371868133545
6.089929580688477
-2.5399222373962402
-7.7374467849731445
7.247114181518555
-0.2059396505355835
-8.365072250366211
7.345180511474609
-1.1375713348388672
-8.07087230682373
6.835235118865967
-3.236194372177124
-7.639379978179932
4.766031742095947
-2.098623037338257
-6.178189277648926
5.795730113983154
-1.7848103046417236
-5.158297538757324
7.972806453704834
-2.6477954387664795
-7.443247318267822
6.413548946380615
-4.167826175689697
-7.864933013916016
5.668243408203125
-5.354430675506592
-8.875018119812012
7.894352912902832
-6.472388744354248
-7.590346813201904
7.5315070152282715
-5.266170978546143
-7.874739646911621
6.609682083129883
-3.010641574859619
-7.315760612487793
6.541035175323486
-2.8929617404937744
-6.619488716125488
5.80553674697876
-2.2947559356689453
-4.540478706359863
4.756225109100342
-0.5001391172409058
-5.393657207489014
6.580262184143066
-2.1280429363250732
-8.335652351379395
8.953471183776855
-4.001112937927246
-8.306232452392578
8.335652351379395
-2.637988805770874
-9.522256851196289
9.23786449432373
-4.697385311126709
-11.130547523498535
10.640214920043945
-5.393657207489014
-11.022674560546875
7.639379978179932
-4.864098072052002
-8.94366455078125
7.266727447509766
-2.9321882724761963
-8.816178321838379
5.9036030769348145
-2.5889556407928467
-7.796286582946777
5.599596977233887
-2.7752819061279297
-7.207887649536133
5.609403610229492
-2.7752819061279297
-6.305675983428955
5.050424575805664
-2.559535503387451
-5.619210243225098
5.275977611541748
-2.9321882724761963
-6.2566423416137695
6.590068817138672
-3.706913709640503
-7.1490478515625
7.198081016540527
-2.7752819061279297
-7.9041595458984375
6.541035175323486
-3.2852277755737305
-7.923772811889648
6.756781578063965
-3.4323275089263916
-8.119906425476074
7.10982084274292
-4.756225109100342
-7.786479949951172
6.943108081817627
-5.57017707824707
-7.354987144470215
6.433162212371826
-4.452219009399414
-8.25719928741455
7.168661117553711
-3.363680839538574
-8.365072250366211
5.952636241912842
-3.3538742065429688
-6.648908615112305
4.511058807373047
-3.912853240966797
-5.717276573181152
5.815343379974365
-4.932744979858398
-7.462860584259033
7.00194787979126
-5.521143913269043
-6.2762556076049805
5.540757179260254
-3.9716930389404297
-5.923216342926025
6.305675983428955
-3.0792880058288574
-7.443247318267822
8.041452407836914
-4.059953212738037
-8.512171745300293
8.119906425476074
-4.520865440368652
-8.188552856445313
8.649465560913086
-4.677772045135498
-8.374878883361816
7.815899848937988
-4.491445541381836
-6.972527980804443
6.089929580688477
-2.863541841506958
-6.65871524810791
6.344902515411377
-2.432049036026001
-8.492558479309082
8.100293159484863
-4.138406276702881
-8.963277816772461
8.168939590454102
-4.697385311126709
-8.737725257873535
8.041452407836914
-5.011198043823242
-8.188552856445313
7.590346813201904
-4.295312404632568
-8.247392654418945
6.187995910644531
-3.108707904815674
-6.609682083129883
6.2762556076049805
-2.736055374145508
-6.854848384857178
6.531228542327881
-3.9030466079711914
-6.854848384857178
6.864655017852783
-4.079566478729248
-7.1392412185668945
6.874461650848389
-4.785645008087158
-7.060787677764893
7.25692081451416
-5.491724014282227
-8.276812553405762
7.972806453704834
-4.922938346862793
-9.0319242477417
7.443247318267822
-4.540478706359863
-8.629851341247559
7.1000142097473145
-4.560091972351074
-7.933579444885254
6.031089782714844
-3.62846040725708
-6.423355579376221
6.16838264465332
-1.45138418674469
-6.609682083129883
6.845041751861572
-1.794616937637329
-7.521700382232666
7.345180511474609
-2.2751426696777344
-7.502087116241455
7.276534080505371
-2.9321882724761963
-7.443247318267822
7.482473850250244
-3.7657535076141357
-8.384685516357422
8.080678939819336
-4.991584777832031
-8.610238075256348
7.7374467849731445
-4.412992477416992
-8.394492149353027
7.74725341796875
-3.7853667736053467
-9.179023742675781
7.835513114929199
-3.795173406600952
-9.45361042022705
6.492002010345459
-2.863541841506958
-7.570733547210693
4.922938346862793
-3.03025484085083
-6.158576011657715
4.452219009399414
-3.442134141921997
-5.933022975921631
5.80553674697876
-2.2751426696777344
-6.639101982116699
6.619488716125488
-1.9907499551773071
-8.286619186401367
6.737168312072754
-3.6578803062438965
-8.355265617370605
7.345180511474609
-4.040339469909668
-8.580818176269531
7.00194787979126
-4.040339469909668
-8.345458984375
7.570733547210693
-4.344346046447754
-9.100570678710938
7.384407043457031
-2.677215337753296
-9.012310981750488
6.266448974609375
-2.9321882724761963
-7.708026885986328
6.16838264465332
-4.540478706359863
-7.443247318267822
6.040896415710449
-4.138406276702881
-7.639379978179932
5.638823509216309
-4.148212909698486
-7.227500915527344
6.4821953773498535
-4.177632808685303
-8.031645774841309
7.354987144470215
-2.9616081714630127
-8.25719928741455
5.80553674697876
-3.9226598739624023
-6.756781578063965
5.874183177947998
-4.60912561416626
-7.031367778778076
5.844763278961182
-4.942551612854004
-7.188274383544922
6.51161527633667
-4.628738880157471
-8.443525314331055
7.070594310760498
-4.412992477416992
-9.953749656677246
7.472667217254639
-2.4222424030303955
-10.149882316589355
6.550841808319092
-2.098623037338257
-7.580540180206299
5.80553674697876
-1.3729310035705566
-5.8839898109436035
5.874183177947998
-1.402350902557373
-5.0602312088012695
6.452775478363037
-2.471275806427002
-6.5606489181518555
7.85512638092041
-3.9814999103546143
-9.0319242477417
8.718111991882324
-4.864098072052002
-10.806927680969238
10.159688949584961
-6.962721347808838
-11.267840385437012
7.619766712188721
-6.854848384857178
-7.678606986999512
3.8638200759887695
-3.069481372833252
-5.275977611541748
2.863541841506958
-2.098623037338257
-5.4328837394714355
2.7752819061279297
-2.41243577003479
-5.158297538757324
3.3440675735473633
-2.186882972717285
-6.001669883728027
5.021004676818848
-2.843928337097168
-7.717833518981934
6.737168312072754
-4.285505771636963
-7.688413619995117
7.580540180206299
-4.785645008087158
-7.4040207862854
7.649186611175537
-6.148769378662109
-7.443247318267822
7.717833518981934
-6.246835708618164
-7.74725341796875
6.903881549835205
-4.22666597366333
-9.267284393310547
7.453053951263428
-2.059396505355835
-9.23786449432373
6.8940749168396
-2.922381639480591
-6.786201477050781
4.82487154006958
-3.795173406600952
-5.599596977233887
4.756225109100342
-2.922381639480591
-6.541035175323486
6.825428009033203
-4.8346781730651855
-8.72791862487793
8.816178321838379
-5.354430675506592
-10.042009353637695
8.188552856445313
-6.16838264465332
-8.571011543273926
5.874183177947998
-5.952636241912842
-6.688135147094727
4.344346046447754
-3.4715540409088135
-6.207609176635742
4.167826175689697
-1.9024900197982788
-6.923494815826416
7.1000142097473145
-3.3048410415649414
-8.217972755432129
8.12971305847168
-3.5696206092834473
-8.365072250366211
7.119627952575684
-3.9422731399536133
-7.521700382232666
6.51161527633667
-4.158019542694092
-7.453053951263428
7.639379978179932
-3.854013442993164
-8.45333194732666
7.845319747924805
-3.5990405082702637
-8.521978378295898
7.570733547210693
-4.2560858726501465
-8.472945213317871
6.286062717437744
-4.82487154006958
-7.776673316955566
5.825150012969971
-5.148490905761719
-7.49228048324585
6.178189277648926
-5.011198043823242
-7.49228048324585
5.834956645965576
-4.059953212738037
-7.129434585571289
5.177911281585693
-3.4519407749176025
-7.178467750549316
5.393657207489014
-3.6186537742614746
-6.325289249420166
5.158297538757324
-3.7167203426361084
-5.942829608917236
6.943108081817627
-3.62846040725708
-7.717833518981934
8.94366455078125
-5.952636241912842
-9.64974308013916
9.169217109680176
-6.197802543640137
-9.502643585205078
7.786479949951172
-4.010919570922852
-8.924051284790039
5.629016876220703
-2.8341217041015625
-7.1588544845581055
4.746418476104736
-3.854013442993164
-5.42307710647583
5.2857842445373535
-3.7363336086273193
-6.688135147094727
6.158576011657715
-4.2560858726501465
-8.374878883361816
7.727640151977539
-4.883711814880371
-9.188830375671387
9.63012981414795
-4.638545513153076
-9.090764045715332
7.796286582946777
-4.648352146148682
-7.070594310760498
4.903325080871582
-3.795173406600952
-5.295590877532959
4.344346046447754
-2.9812214374542236
-6.9333014488220215
7.198081016540527
-2.618375539779663
-9.796843528747559
7.845319747924805
-4.815064907073975
-8.531785011291504
6.756781578063965
-5.491724014282227
-6.40374231338501
4.942551612854004
-3.8638200759887695
-6.266448974609375
5.148490905761719
-5.050424575805664
-6.805814743041992
5.177911281585693
-4.158019542694092
-6.9333014488220215
6.5606489181518555
-3.4127140045166016
-8.43371868133545
6.384129047393799
-5.540757179260254
-7.217694282531738
5.089651107788086
-4.099179744720459
-6.099736213684082
6.021283149719238
-2.9616081714630127
-7.296147346496582
8.178746223449707
-3.5990405082702637
-8.757338523864746
8.443525314331055
-4.1089863777160645
-8.198359489440918
7.011754512786865
-4.922938346862793
-7.884546279907227
6.158576011657715
-5.0798444747924805
-7.874739646911621
6.001669883728027
-4.079566478729248
-7.9041595458984375
7.119627952575684
-3.5303938388824463
-7.874739646911621
6.756781578063965
-4.491445541381836
-7.85512638092041
5.20733118057251
-5.57017707824707
-6.854848384857178
5.109264373779297
-4.844484806060791
-7.482473850250244
5.550563812255859
-4.501252174377441
-6.76658821105957
6.070316314697266
-2.8537349700927734
-6.923494815826416
6.943108081817627
-3.236194372177124
-7.639379978179932
7.423634052276611
-4.785645008087158
-7.825706481933594
7.884546279907227
-5.413270473480225
-8.531785011291504
8.198359489440918
-4.246279239654541
-9.43399715423584
7.678606986999512
-3.1871612071990967
-8.041452407836914
5.923216342926025
-3.520587205886841
-5.864376544952393
4.550285339355469
-3.5794272422790527
-5.834956645965576
4.285505771636963
-4.511058807373047
-6.864655017852783
7.5315070152282715
-5.609403610229492
-9.394770622253418
8.629851341247559
-5.923216342926025
-9.492836952209473
8.188552856445313
-5.756503582000732
-8.482751846313477
4.746418476104736
-3.255807638168335
-6.384129047393799
4.354152679443359
-1.4709974527359009
-6.541035175323486
6.080122947692871
-2.5301156044006348
-7.247114181518555
7.296147346496582
-3.912853240966797
-8.021839141845703
7.443247318267822
-5.795730113983154
-8.227779388427734
7.541313648223877
-5.5113372802734375
-9.355544090270996
7.972806453704834
-4.71699857711792
-8.845598220825195
6.158576011657715
-4.432605743408203
-6.462582111358643
4.452219009399414
-2.8929617404937744
-6.2566423416137695
4.471832275390625
-3.1381278038024902
-7.00194787979126
5.629016876220703
-3.4519407749176025
-7.864933013916016
7.74725341796875
-5.001391410827637
-8.168939590454102
7.7570600509643555
-5.834956645965576
-7.688413619995117
5.46230411529541
-4.903325080871582
-6.413548946380615
4.37376594543457
-3.961886405944824
-6.786201477050781
5.168104648590088
-3.0400614738464355
-8.168939590454102
6.570455551147461
-3.0989012718200684
-8.45333194732666
6.099736213684082
-4.275699138641357
-6.835235118865967
6.148769378662109
-3.912853240966797
-7.345180511474609
6.344902515411377
-5.589790344238281
-7.717833518981934
6.2762556076049805
-5.334817409515381
-7.443247318267822
6.197802543640137
-5.040617942810059
-8.110099792480469
6.688135147094727
-4.932744979858398
-8.796565055847168
6.001669883728027
-4.020726203918457
-7.247114181518555
6.727361679077148
-2.7556686401367188
-7.443247318267822
6.521421909332275
-2.922381639480591
-7.198081016540527
7.580540180206299
-3.5696206092834473
-7.423634052276611
6.393935680389404
-5.119071006774902
-6.796008110046387
6.129156112670898
-4.815064907073975
-7.913966178894043
6.9333014488220215
-5.599596977233887
-8.718111991882324
7.36479377746582
-5.727083683013916
-7.668799877166748
4.471832275390625
-4.37376594543457
-6.2762556076049805
3.814786672592163
-3.7559468746185303
-6.433162212371826
5.619210243225098
-3.03025484085083
-7.413827419281006
6.305675983428955
-4.805258274078369
-7.090207576751709
6.452775478363037
-4.60912561416626
-6.884268283843994
6.354709148406982
-4.1089863777160645
-7.266727447509766
7.4040207862854
-4.618932247161865
-8.737725257873535
7.7570600509643555
-4.766031742095947
-8.796565055847168
7.413827419281006
-4.334539413452148
-8.963277816772461
6.992141246795654
-4.344346046447754
-8.551398277282715
5.854569911956787
-4.726805210113525
-7.639379978179932
6.021283149719238
-4.324732780456543
-7.384407043457031
5.923216342926025
-4.187439441680908
-7.678606986999512
5.854569911956787
-4.020726203918457
-7.727640151977539
5.57017707824707
-5.109264373779297
-6.8940749168396
5.727083683013916
-5.040617942810059
-7.286340713500977
6.727361679077148
-4.059953212738037
-8.423912048339844
7.835513114929199
-3.726526975631714
-8.551398277282715
6.413548946380615
-3.814786672592163
-7.070594310760498
5.2857842445373535
-4.216859340667725
-6.423355579376221
5.746696949005127
-4.8542914390563965
-7.9041595458984375
6.599875450134277
-4.677772045135498
-8.571011543273926
6.364515781402588
-4.422799110412598
-7.354987144470215
5.697663307189941
-3.814786672592163
-6.1095428466796875
4.893518447875977
-3.746140241622925
-6.148769378662109
5.560370445251465
-4.265892505645752
-7.25692081451416
7.217694282531738
-4.883711814880371
-8.45333194732666
7.335373878479004
-6.325289249420166
-7.649186611175537
6.688135147094727
-5.413270473480225
-7.923772811889648
6.590068817138672
-3.4519407749176025
-8.551398277282715
7.00194787979126
-2.7948951721191406
-7.766866683959961
6.678328514099121
-3.402907371520996
-7.021561145782471
6.3350958824157715
-3.667686939239502
-7.021561145782471
6.119349479675293
-2.765475273132324
-7.482473850250244
7.296147346496582
-4.71699857711792
-7.462860584259033
7.717833518981934
-6.158576011657715
-7.207887649536133
5.393657207489014
-5.187717914581299
-6.4821953773498535
4.638545513153076
-4.501252174377441
-8.198359489440918
6.29586935043335
-4.295312404632568
-8.217972755432129
5.481917381286621
-4.020726203918457
-5.91340970993042
3.8245933055877686
-2.7556686401367188
-5.266170978546143
5.256364345550537
-2.4222424030303955
-7.502087116241455
8.737725257873535
-4.981778144836426
-9.012310981750488
8.639657974243164
-6.2566423416137695
-7.4040207862854
6.521421909332275
-5.785923480987549
-7.247114181518555
6.796008110046387
-5.011198043823242
-9.120183944702148
8.002225875854492
-3.9226598739624023
-8.45333194732666
6.099736213684082
-3.893239974975586
-6.668521881103516
6.393935680389404
-2.6477954387664795
-7.923772811889648
7.394214153289795
-3.2656142711639404
-7.74725341796875
6.903881549835205
-5.177911281585693
-6.452775478363037
6.384129047393799
-5.8839898109436035
-7.168661117553711
6.746974945068359
-5.4328837394714355
-8.012032508850098
6.521421909332275
-4.726805210113525
-8.23758602142334
5.697663307189941
-3.62846040725708
-7.217694282531738
4.550285339355469
-2.971414804458618
-6.197802543640137
4.432605743408203
-2.8537349700927734
-5.776116847991943
5.4328837394714355
-3.4911673069000244
-6.697941780090332
7.335373878479004
-6.001669883728027
-8.463138580322266
8.54159164428711
-6.286062717437744
-8.306232452392578
7.060787677764893
-5.746696949005127
-7.688413619995117
6.197802543640137
-4.324732780456543
-8.306232452392578
6.237029075622559
-3.383294105529785
-7.943386077880859
6.011476516723633
-3.1577413082122803
-7.462860584259033
6.688135147094727
-3.4127140045166016
-7.943386077880859
7.521700382232666
-4.60912561416626
-8.296425819396973
7.5315070152282715
-5.089651107788086
-7.394214153289795
6.2566423416137695
-5.31520414352417
-7.276534080505371
6.06050968170166
-5.119071006774902
-8.384685516357422
6.541035175323486
-5.266170978546143
-8.639657974243164
6.050703048706055
-4.37376594543457
-7.49228048324585
5.609403610229492
-4.922938346862793
-6.629295349121094
6.639101982116699
-4.216859340667725
-7.433440685272217
6.040896415710449
-3.0989012718200684
-7.315760612487793
6.442968845367432
-1.5592572689056396
-7.806093215942383
6.952914714813232
-1.5200307369232178
-7.570733547210693
7.345180511474609
-2.0495898723602295
-6.992141246795654
6.158576011657715
-2.8341217041015625
-6.570455551147461
7.325567245483398
-6.217415809631348
-8.080678939819336
8.933857917785645
-7.0804009437561035
-9.05153751373291
5.472110748291016
-8.443525314331055
-6.845041751861572
3.275420904159546
-4.991584777832031
-5.952636241912842
1.9024900197982788
-2.2359161376953125
-5.197524547576904
1.863263487815857
-2.1084296703338623
-5.177911281585693
4.618932247161865
-2.5889556407928467
-7.688413619995117
7.933579444885254
-4.187439441680908
-9.659549713134766
11.130547523498535
-5.9036030769348145
-9.64974308013916
8.678885459899902
-5.815343379974365
-7.1490478515625
5.80553674697876
-5.168104648590088
-7.580540180206299
7.5315070152282715
-4.177632808685303
-9.522256851196289
8.45333194732666
-3.461747407913208
-9.15941047668457
7.786479949951172
-3.4323275089263916
-8.374878883361816
6.393935680389404
-4.177632808685303
-7.25692081451416
5.815343379974365
-4.491445541381836
-6.16838264465332
5.481917381286621
-4.932744979858398
-6.021283149719238
5.609403610229492
-5.275977611541748
-7.717833518981934
5.6780500411987305
-5.550563812255859
-8.737725257873535
4.324732780456543
-5.275977611541748
-7.031367778778076
3.687300205230713
-3.5402004718780518
-6.119349479675293
6.070316314697266
-3.069481372833252
-7.708026885986328
7.247114181518555
-3.893239974975586
-8.14932632446289
7.668799877166748
-4.746418476104736
-8.021839141845703
7.570733547210693
-4.677772045135498
-8.325845718383789
8.355265617370605
-5.2857842445373535
-8.973084449768066
8.43371868133545
-4.618932247161865
-8.365072250366211
7.237307548522949
-3.6774935722351074
-7.384407043457031
5.864376544952393
-3.3048410415649414
-7.011754512786865
5.5113372802734375
-3.2656142711639404
-7.217694282531738
6.227222442626953
-4.305119037628174
-7.178467750549316
6.609682083129883
-4.579705238342285
-7.031367778778076
6.286062717437744
-5.20733118057251
-7.217694282531738
6.433162212371826
-4.393379211425781
-7.74725341796875
4.922938346862793
-4.893518447875977
-7.041174411773682
5.295590877532959
-3.3048410415649414
-7.766866683959961
6.099736213684082
-3.383294105529785
-7.394214153289795
6.570455551147461
-4.069759845733643
-7.178467750549316
6.129156112670898
-4.265892505645752
-7.10982084274292
6.786201477050781
-5.275977611541748
-7.717833518981934
6.697941780090332
-4.864098072052002
-7.845319747924805
5.776116847991943
-4.6875786781311035
-7.658993244171143
6.8940749168396
-3.0400614738464355
-8.56120491027832
6.717555046081543
-3.9913065433502197
-7.668799877166748
5.9036030769348145
-4.314925670623779
-7.49228048324585
7.119627952575684
-5.001391410827637
-7.776673316955566
6.7077484130859375
-6.080122947692871
-7.7374467849731445
6.5606489181518555
-5.952636241912842
-8.159132957458496
5.815343379974365
-5.050424575805664
-7.806093215942383
5.089651107788086
-3.7657535076141357
-7.570733547210693
5.766310214996338
-3.5500071048736572
-7.394214153289795
6.217415809631348
-3.0204482078552246
-7.070594310760498
6.011476516723633
-4.099179744720459
-6.384129047393799
7.560926914215088
-4.001112937927246
-8.590624809265137
8.472945213317871
-5.128877639770508
-9.21825122833252
7.658993244171143
-6.413548946380615
-8.12971305847168
7.119627952575684
-4.059953212738037
-8.365072250366211
5.933022975921631
-2.9419949054718018
-7.560926914215088
5.021004676818848
-2.90276837348938
-6.51161527633667
5.982056140899658
-3.589233875274658
-6.688135147094727
5.5113372802734375
-5.481917381286621
-6.4821953773498535
6.138962745666504
-5.030811309814453
-7.678606986999512
6.031089782714844
-5.756503582000732
-7.60015344619751
4.9131317138671875
-2.6674087047576904
-6.796008110046387
4.97197151184082
-1.7848103046417236
-6.384129047393799
5.217137813568115
-3.4715540409088135
-6.746974945068359
7.668799877166748
-6.835235118865967
-8.12971305847168
8.531785011291504
-6.854848384857178
-9.571290016174316
8.012032508850098
-6.099736213684082
-9.708582878112793
5.697663307189941
-3.177354574203491
-6.854848384857178
3.775560140609741
-1.2748644351959229
-4.22666597366333
2.2163028717041016
-2.0495898723602295
-4.589511871337891
6.001669883728027
-3.667686939239502
-8.74753189086914
12.523091316223145
-5.599596977233887
-13.62143611907959
12.140632629394531
-10.198915481567383
-8.14932632446289
4.010919570922852
-6.099736213684082
-2.863541841506958
1.9515233039855957
-2.5006957054138184
-5.756503582000732
3.5696206092834473
-2.1574628353118896
-8.610238075256348
7.227500915527344
-2.2751426696777344
-10.277368545532227
9.316317558288574
-5.246557712554932
-8.306232452392578
6.40374231338501
-6.119349479675293
-5.825150012969971
4.2364726066589355
-4.128599643707275
-5.854569911956787
5.42307710647583
-6.187995910644531
-6.746974945068359
7.198081016540527
-6.158576011657715
-8.875018119812012
7.609960079193115
-5.3053975105285645
-9.81645679473877
5.42307710647583
-3.1675479412078857
-8.276812553405762
4.4816389083862305
-2.8341217041015625
-6.305675983428955
6.521421909332275
-2.1966896057128906
-7.354987144470215
8.110099792480469
-3.314647674560547
-8.306232452392578
9.767423629760742
-5.413270473480225
-9.561483383178711
8.924051284790039
-7.266727447509766
-8.767145156860352
5.256364345550537
-6.521421909332275
-6.825428009033203
4.579705238342285
-3.50097393989563
-7.335373878479004
4.550285339355469
-2.598762273788452
-6.864655017852783
4.658158779144287
-2.785088539123535
-6.2762556076049805
5.579983711242676
-2.8929617404937744
-6.952914714813232
6.344902515411377
-3.608847141265869
-7.1000142097473145
6.727361679077148
-4.991584777832031
-7.1392412185668945
6.845041751861572
-5.638823509216309
-7.10982084274292
5.952636241912842
-5.354430675506592
-7.727640151977539
6.16838264465332
-5.011198043823242
-8.659272193908691
5.776116847991943
-5.481917381286621
-7.629573345184326
5.31520414352417
-3.9716930389404297
-6.7077484130859375
5.168104648590088
-3.1577413082122803
-7.25692081451416
5.962442874908447
-3.383294105529785
-7.60015344619751
7.551120281219482
-5.354430675506592
-7.727640151977539
6.442968845367432
-3.4323275089263916
-7.25692081451416
7.207887649536133
-4.0305328369140625
-9.375157356262207
8.021839141845703
-5.021004676818848
-9.306510925292969
6.76658821105957
-6.3154826164245605
-6.354709148406982
5.579983711242676
-4.334539413452148
-6.756781578063965
4.599318504333496
-3.6382670402526855
-7.580540180206299
5.3053975105285645
-3.8245933055877686
-7.60015344619751
5.766310214996338
-4.0893731117248535
-6.442968845367432
4.167826175689697
-2.7752819061279297
-5.197524547576904
5.119071006774902
-2.843928337097168
-7.639379978179932
8.119906425476074
-6.423355579376221
-9.424190521240234
7.874739646911621
-10.63040828704834
-6.746974945068359
5.579983711242676
-6.982334613800049
-7.9629998207092285
3.648073673248291
-3.1675479412078857
-8.992697715759277
4.314925670623779
-1.7259703874588013
-7.0804009437561035
5.766310214996338
-4.471832275390625
-5.275977611541748
6.962721347808838
-3.236194372177124
-7.198081016540527
8.227779388427734
-3.0008349418640137
-11.356100082397461
12.729031562805176
-6.178189277648926
-13.20955753326416
9.061344146728516
-8.443525314331055
-5.403463840484619
2.90276837348938
-4.37376594543457
-3.6578803062438965
3.873626708984375
-2.883155107498169
-9.551676750183105
7.560926914215088
-4.285505771636963
-12.170052528381348
8.659272193908691
-6.158576011657715
-7.090207576751709
4.550285339355469
-4.579705238342285
-4.452219009399414
2.5889556407928467
-4.050146579742432
-4.8542914390563965
3.6186537742614746
-3.687300205230713
-7.698220252990723
8.021839141845703
-4.520865440368652
-9.365350723266602
8.286619186401367
-5.383850574493408
-8.414105415344238
6.903881549835205
-4.491445541381836
-7.874739646911621
4.903325080871582
-3.314647674560547
-6.825428009033203
5.31520414352417
-3.9913065433502197
-6.629295349121094
8.198359489440918
-4.314925670623779
-8.316039085388184
7.580540180206299
-4.991584777832031
-7.815899848937988
5.933022975921631
-5.0602312088012695
-7.011754512786865
5.20733118057251
-5.128877639770508
-7.482473850250244
5.0602312088012695
-3.7559468746185303
-6.874461650848389
5.46230411529541
-3.3734874725341797
-6.599875450134277
5.697663307189941
-6.207609176635742
-6.746974945068359
5.91340970993042
-5.776116847991943
-8.14932632446289
5.530950546264648
-4.9131317138671875
-8.423912048339844
7.551120281219482
-3.6578803062438965
-8.688692092895508
7.060787677764893
-3.6774935722351074
-6.923494815826416
4.6875786781311035
-3.7559468746185303
-4.815064907073975
6.286062717437744
-6.080122947692871
-8.54159164428711
9.355544090270996
-4.285505771636963
-11.179580688476563
7.472667217254639
-5.6584367752075195
-6.678328514099121
4.82487154006958
-3.5990405082702637
-5.334817409515381
3.520587205886841
-3.1381278038024902
-5.560370445251465
5.452497482299805
-5.030811309814453
-8.884824752807617
9.365350723266602
-5.138684272766113
-10.728474617004395
7.472667217254639
-5.80553674697876
-6.4821953773498535
3.4127140045166016
-2.206496238708496
-5.481917381286621
3.6382670402526855
-2.8341217041015625
-6.697941780090332
7.266727447509766
-4.756225109100342
-8.551398277282715
9.15941047668457
-4.305119037628174
-7.953193187713623
6.462582111358643
-5.217137813568115
-6.9333014488220215
5.187717914581299
-4.22666597366333
-7.708026885986328
4.618932247161865
-3.049868106842041
-6.884268283843994
5.560370445251465
-3.559813976287842
-6.492002010345459
7.050981044769287
-4.677772045135498
-7.894352912902832
6.3154826164245605
-5.9036030769348145
-7.7570600509643555
5.6584367752075195
-4.766031742095947
-7.943386077880859
6.246835708618164
-3.295034408569336
-7.453053951263428
6.344902515411377
-3.6382670402526855
-6.864655017852783
6.756781578063965
-2.5889556407928467
-7.070594310760498
5.9036030769348145
-3.3440675735473633
-7.874739646911621
7.482473850250244
-4.511058807373047
-9.022117614746094
6.570455551147461
-4.677772045135498
-6.217415809631348
4.4816389083862305
-2.7948951721191406
-5.599596977233887
4.805258274078369
-4.275699138641357
-7.198081016540527
6.5606489181518555
-6.678328514099121
-8.159132957458496
6.148769378662109
-5.138684272766113
-7.413827419281006
3.795173406600952
-4.8346781730651855
-6.325289249420166
