7.354987144470215
-0.7845319509506226
-7.913966178894043
7.266727447509766
-0.7551120519638062
-7.913966178894043
7.296147346496582
-0.8335652351379395
-7.953193187713623
7.296147346496582
-0.823758602142334
-7.992419719696045
7.3059539794921875
-0.8924051523208618
-7.9629998207092285
7.247114181518555
-0.9218250513076782
-7.913966178894043
7.296147346496582
-0.8924051523208618
-7.9826130867004395
7.237307548522949
-0.9610517024993896
-7.972806453704834
7.276534080505371
-0.9316317439079285
-7.913966178894043
7.227500915527344
-0.9120184183120728
-7.9629998207092285
7.266727447509766
-0.8825984597206116
-7.9629998207092285
7.3059539794921875
-0.9120184183120728
-7.943386077880859
7.354987144470215
-0.8139519095420837
-7.943386077880859
7.374600410461426
-0.8335652351379395
-7.953193187713623
7.374600410461426
-0.8041452765464783
-7.9629998207092285
7.335373878479004
-0.8041452765464783
-7.864933013916016
7.354987144470215
-0.7551120519638062
-7.894352912902832
7.374600410461426
-0.7551120519638062
-7.874739646911621
7.394214153289795
-0.7453053593635559
-7.923772811889648
7.394214153289795
-0.7845319509506226
-7.874739646911621
7.335373878479004
-0.7354987263679504
-7.943386077880859
7.345180511474609
-0.7845319509506226
-7.9629998207092285
7.335373878479004
-0.7649186849594116
-7.9629998207092285
7.335373878479004
-0.7453053593635559
-7.9041595458984375
7.413827419281006
-0.7453053593635559
-7.913966178894043
7.384407043457031
-0.7453053593635559
-7.874739646911621
7.315760612487793
-0.7747253179550171
-7.884546279907227
7.325567245483398
-0.7354987263679504
-7.972806453704834
7.354987144470215
-0.7747253179550171
-7.894352912902832
7.374600410461426
-0.7845319509506226
-7.923772811889648
7.325567245483398
-0.7649186849594116
-7.9826130867004395
7.374600410461426
-0.7453053593635559
-7.9826130867004395
7.3059539794921875
-0.8629851937294006
-7.913966178894043
7.345180511474609
-0.7649186849594116
-7.864933013916016
7.325567245483398
-0.725692093372345
-7.933579444885254
7.36479377746582
-0.6864655017852783
-7.913966178894043
7.266727447509766
-0.7845319509506226
-7.923772811889648
7.36479377746582
-0.8139519095420837
-7.943386077880859
7.345180511474609
-0.8629851937294006
-7.913966178894043
7.315760612487793
-0.7551120519638062
-7.894352912902832
7.345180511474609
-0.7845319509506226
-7.913966178894043
7.266727447509766
-0.8041452765464783
-7.9629998207092285
7.3059539794921875
-0.8335652351379395
-7.992419719696045
7.335373878479004
-0.823758602142334
-7.9629998207092285
7.296147346496582
-0.8629851937294006
-7.864933013916016
7.384407043457031
-0.8433718681335449
-7.953193187713623
7.345180511474609
-0.8139519095420837
-7.913966178894043
7.3059539794921875
-0.8531785011291504
-7.874739646911621
7.354987144470215
-0.7943386435508728
-7.992419719696045
7.354987144470215
-0.7845319509506226
-7.923772811889648
7.325567245483398
-0.823758602142334
-7.864933013916016
7.315760612487793
-0.823758602142334
-7.933579444885254
7.3059539794921875
-0.823758602142334
-7.9629998207092285
7.36479377746582
-0.823758602142334
-7.943386077880859
7.345180511474609
-0.7354987263679504
-7.9826130867004395
7.374600410461426
-0.8139519095420837
-7.913966178894043
7.472667217254639
-0.7845319509506226
-7.815899848937988
7.4040207862854
-0.8139519095420837
-7.845319747924805
7.3059539794921875
-0.8041452765464783
-7.894352912902832
7.354987144470215
-0.823758602142334
-7.9826130867004395
7.296147346496582
-0.8335652351379395
-8.031645774841309
7.335373878479004
-0.8825984597206116
-7.923772811889648
7.286340713500977
-0.8825984597206116
-7.85512638092041
7.384407043457031
-0.8139519095420837
-7.923772811889648
7.482473850250244
-0.7747253179550171
-7.913966178894043
7.36479377746582
-0.8041452765464783
-7.815899848937988
7.36479377746582
-0.8531785011291504
-7.85512638092041
7.3059539794921875
-0.7845319509506226
-7.943386077880859
7.266727447509766
-0.8139519095420837
-7.972806453704834
7.3059539794921875
-0.8531785011291504
-7.953193187713623
7.354987144470215
-0.8531785011291504
-7.972806453704834
7.345180511474609
-0.8629851937294006
-7.864933013916016
7.36479377746582
-0.823758602142334
-7.894352912902832
7.345180511474609
-0.8727918267250061
-7.953193187713623
7.227500915527344
-0.8629851937294006
-7.943386077880859
7.3059539794921875
-0.9022117853164673
-7.943386077880859
7.325567245483398
-0.7943386435508728
-7.913966178894043
7.5315070152282715
-0.8139519095420837
-7.874739646911621
7.462860584259033
-0.8433718681335449
-7.894352912902832
7.325567245483398
-0.8335652351379395
-7.894352912902832
7.25692081451416
-0.8727918267250061
-7.9629998207092285
7.198081016540527
-0.8139519095420837
-8.041452407836914
7.286340713500977
-0.8531785011291504
-7.913966178894043
7.345180511474609
-0.8041452765464783
-7.943386077880859
7.36479377746582
-0.8335652351379395
-7.943386077880859
7.335373878479004
-0.8433718681335449
-7.933579444885254
7.3059539794921875
-0.8727918267250061
-7.992419719696045
7.36479377746582
-0.8531785011291504
-7.953193187713623
7.345180511474609
-0.7845319509506226
-7.9629998207092285
7.296147346496582
-0.8139519095420837
-7.913966178894043
7.345180511474609
-0.8335652351379395
-7.894352912902832
7.335373878479004
-0.8335652351379395
-7.933579444885254
7.296147346496582
-0.8139519095420837
-8.05125904083252
7.25692081451416
-0.823758602142334
-8.012032508850098
7.296147346496582
-0.8433718681335449
-7.923772811889648
7.266727447509766
-0.8335652351379395
-7.972806453704834
7.335373878479004
-0.8139519095420837
-7.933579444885254
7.354987144470215
-0.823758602142334
-7.9826130867004395
7.315760612487793
-0.8335652351379395
-7.913966178894043
7.3059539794921875
-0.823758602142334
-7.9629998207092285
7.345180511474609
-0.7747253179550171
-7.953193187713623
7.315760612487793
-0.823758602142334
-8.002225875854492
7.315760612487793
-0.8335652351379395
-7.913966178894043
7.296147346496582
-0.8629851937294006
-8.012032508850098
7.276534080505371
-0.8727918267250061
-7.953193187713623
7.36479377746582
-0.8433718681335449
-7.894352912902832
7.354987144470215
-0.8041452765464783
-7.884546279907227
7.286340713500977
-0.7649186849594116
-8.002225875854492
7.345180511474609
-0.8629851937294006
-7.943386077880859
7.3059539794921875
-0.8433718681335449
-7.9826130867004395
7.345180511474609
-0.8727918267250061
-7.943386077880859
7.325567245483398
-0.8629851937294006
-7.933579444885254
7.36479377746582
-0.8139519095420837
-7.943386077880859
7.354987144470215
-0.823758602142334
-7.913966178894043
7.296147346496582
-0.8531785011291504
-7.992419719696045
7.3059539794921875
-0.9022117853164673
-7.953193187713623
7.237307548522949
-0.7649186849594116
-7.953193187713623
7.296147346496582
-0.823758602142334
-8.002225875854492
7.354987144470215
-0.8629851937294006
-7.972806453704834
7.345180511474609
-0.9022117853164673
-7.815899848937988
7.374600410461426
-0.8531785011291504
-7.953193187713623
7.3059539794921875
-0.7943386435508728
-7.972806453704834
7.276534080505371
-0.823758602142334
-7.943386077880859
7.3059539794921875
-0.8335652351379395
-7.972806453704834
7.25692081451416
-0.8629851937294006
-7.9629998207092285
7.325567245483398
-0.8531785011291504
-7.9826130867004395
7.354987144470215
-0.8531785011291504
-7.953193187713623
7.335373878479004
-0.8041452765464783
-7.9041595458984375
7.315760612487793
-0.7845319509506226
-7.923772811889648
7.335373878479004
-0.7943386435508728
-7.9041595458984375
7.315760612487793
-0.8531785011291504
-7.933579444885254
7.335373878479004
-0.8433718681335449
-7.9629998207092285
7.3059539794921875
-0.8041452765464783
-7.933579444885254
7.3059539794921875
-0.7943386435508728
-7.913966178894043
7.345180511474609
-0.8727918267250061
-8.002225875854492
7.296147346496582
-0.8433718681335449
-7.9629998207092285
7.3059539794921875
-0.8433718681335449
-8.021839141845703
7.247114181518555
-0.7845319509506226
-7.923772811889648
7.335373878479004
-0.823758602142334
-7.943386077880859
7.384407043457031
-0.8531785011291504
-7.933579444885254
7.335373878479004
-0.8335652351379395
-7.933579444885254
7.276534080505371
-0.823758602142334
-7.884546279907227
7.315760612487793
-0.8041452765464783
-7.923772811889648
7.3059539794921875
-0.823758602142334
-7.992419719696045
7.335373878479004
-0.8825984597206116
-7.933579444885254
7.335373878479004
-0.8629851937294006
-7.9041595458984375
7.286340713500977
-0.8041452765464783
-7.972806453704834
7.335373878479004
-0.8335652351379395
-7.894352912902832
7.296147346496582
-0.8531785011291504
-7.953193187713623
7.286340713500977
-0.8629851937294006
-7.972806453704834
7.3059539794921875
-0.8433718681335449
-7.9041595458984375
7.325567245483398
-0.8433718681335449
-7.864933013916016
7.325567245483398
-0.8433718681335449
-7.9826130867004395
7.3059539794921875
-0.8139519095420837
-7.972806453704834
7.354987144470215
-0.823758602142334
-7.9629998207092285
7.296147346496582
-0.8531785011291504
-8.031645774841309
7.315760612487793
-0.8629851937294006
-7.913966178894043
7.315760612487793
-0.8335652351379395
-7.992419719696045
7.276534080505371
-0.8139519095420837
-7.972806453704834
7.286340713500977
-0.8335652351379395
-7.933579444885254
7.3059539794921875
-0.823758602142334
-7.943386077880859
7.315760612487793
-0.8335652351379395
-7.953193187713623
7.315760612487793
-0.8629851937294006
-7.943386077880859
7.354987144470215
-0.823758602142334
-7.953193187713623
7.286340713500977
-0.7943386435508728
-7.913966178894043
7.345180511474609
-0.8139519095420837
-7.972806453704834
7.3059539794921875
-0.8727918267250061
-7.972806453704834
7.3059539794921875
-0.8433718681335449
-7.972806453704834
7.325567245483398
-0.8433718681335449
-7.953193187713623
7.315760612487793
-0.8727918267250061
-7.913966178894043
7.25692081451416
-0.8139519095420837
-7.953193187713623
7.345180511474609
-0.823758602142334
-7.933579444885254
7.266727447509766
-0.8335652351379395
-7.992419719696045
7.286340713500977
-0.823758602142334
-8.012032508850098
7.266727447509766
-0.8041452765464783
-7.943386077880859
7.315760612487793
-0.7943386435508728
-7.933579444885254
7.315760612487793
-0.8335652351379395
-7.923772811889648
7.335373878479004
-0.8825984597206116
-8.061065673828125
7.296147346496582
-0.8139519095420837
-7.943386077880859
7.315760612487793
-0.8139519095420837
-7.933579444885254
7.325567245483398
-0.7747253179550171
-7.9041595458984375
7.335373878479004
-0.8139519095420837
-7.884546279907227
7.345180511474609
-0.8727918267250061
-7.923772811889648
7.276534080505371
-0.8629851937294006
-8.05125904083252
7.286340713500977
-0.8433718681335449
-8.021839141845703
7.286340713500977
-0.8335652351379395
-7.933579444885254
7.296147346496582
-0.8139519095420837
-7.943386077880859
7.315760612487793
-0.7943386435508728
-7.943386077880859
7.3059539794921875
-0.8139519095420837
-7.9826130867004395
7.276534080505371
-0.8531785011291504
-7.943386077880859
7.335373878479004
-0.823758602142334
-8.021839141845703
7.3059539794921875
-0.823758602142334
-7.992419719696045
7.3059539794921875
-0.8531785011291504
-7.894352912902832
7.296147346496582
-0.8041452765464783
-7.972806453704834
7.296147346496582
-0.8139519095420837
-7.972806453704834
7.325567245483398
-0.8727918267250061
-7.953193187713623
7.296147346496582
-0.8433718681335449
-7.9629998207092285
7.335373878479004
-0.8139519095420837
-7.933579444885254
7.345180511474609
-0.8629851937294006
-7.923772811889648
7.296147346496582
-0.8629851937294006
-7.9629998207092285
7.286340713500977
-0.8629851937294006
-7.933579444885254
7.247114181518555
-0.823758602142334
-7.9629998207092285
7.3059539794921875
-0.7845319509506226
-7.933579444885254
7.345180511474609
-0.7943386435508728
-7.992419719696045
7.335373878479004
-0.8629851937294006
-7.933579444885254
7.25692081451416
-0.9120184183120728
-7.9629998207092285
7.286340713500977
-0.9512450098991394
-7.972806453704834
7.374600410461426
-0.823758602142334
-7.923772811889648
7.36479377746582
-0.7649186849594116
-7.913966178894043
7.36479377746582
-0.7551120519638062
-7.943386077880859
7.335373878479004
-0.823758602142334
-7.9629998207092285
7.3059539794921875
-0.8433718681335449
-7.933579444885254
7.25692081451416
-0.8924051523208618
-7.953193187713623
7.325567245483398
-0.823758602142334
-7.992419719696045
7.325567245483398
-0.7845319509506226
-7.972806453704834
7.325567245483398
-0.8041452765464783
-7.913966178894043
7.325567245483398
-0.823758602142334
-7.9826130867004395
7.325567245483398
-0.8139519095420837
-7.9826130867004395
7.3059539794921875
-0.8727918267250061
-7.943386077880859
7.335373878479004
-0.8629851937294006
-7.923772811889648
7.354987144470215
-0.8335652351379395
-8.021839141845703
7.335373878479004
-0.8433718681335449
-7.894352912902832
7.3059539794921875
-0.8041452765464783
-7.913966178894043
7.296147346496582
-0.8531785011291504
-7.9629998207092285
7.296147346496582
-0.823758602142334
-7.9629998207092285
7.315760612487793
-0.8433718681335449
-7.884546279907227
7.3059539794921875
-0.8433718681335449
-7.943386077880859
7.25692081451416
-0.8629851937294006
-7.9826130867004395
7.335373878479004
-0.8433718681335449
-7.923772811889648
7.276534080505371
-0.8531785011291504
-7.933579444885254
7.3059539794921875
-0.8335652351379395
-7.933579444885254
7.3059539794921875
-0.8433718681335449
-7.933579444885254
7.335373878479004
-0.8335652351379395
-7.933579444885254
7.276534080505371
-0.8139519095420837
-7.943386077880859
7.315760612487793
-0.8433718681335449
-7.972806453704834
7.276534080505371
-0.8531785011291504
-7.9629998207092285
7.3059539794921875
-0.8629851937294006
-7.992419719696045
7.325567245483398
-0.8531785011291504
-7.953193187713623
7.3059539794921875
-0.823758602142334
-7.894352912902832
7.325567245483398
-0.8041452765464783
-7.9629998207092285
7.335373878479004
-0.8139519095420837
-8.012032508850098
7.3059539794921875
-0.8335652351379395
-7.953193187713623
7.325567245483398
-0.8727918267250061
-8.002225875854492
7.286340713500977
-0.8629851937294006
-7.9826130867004395
7.296147346496582
-0.8433718681335449
-7.953193187713623
7.266727447509766
-0.823758602142334
-7.9629998207092285
7.266727447509766
-0.7747253179550171
-7.972806453704834
7.266727447509766
-0.8335652351379395
-7.9826130867004395
7.3059539794921875
-0.8139519095420837
-7.972806453704834
7.345180511474609
-0.8727918267250061
-8.002225875854492
7.315760612487793
-0.8335652351379395
-7.923772811889648
7.3059539794921875
-0.8139519095420837
-7.9629998207092285
7.296147346496582
-0.8139519095420837
-8.012032508850098
7.315760612487793
-0.8433718681335449
-7.972806453704834
7.3059539794921875
-0.8335652351379395
-8.002225875854492
7.325567245483398
-0.8139519095420837
-8.002225875854492
7.354987144470215
-0.8139519095420837
-7.943386077880859
7.315760612487793
-0.8335652351379395
-8.041452407836914
7.296147346496582
-0.8139519095420837
-7.943386077880859
7.325567245483398
-0.8139519095420837
-7.9629998207092285
7.3059539794921875
-0.823758602142334
-7.9041595458984375
7.335373878479004
-0.8433718681335449
-7.9826130867004395
7.325567245483398
-0.823758602142334
-7.9041595458984375
7.335373878479004
-0.8335652351379395
-7.9826130867004395
7.3059539794921875
-0.8531785011291504
-8.031645774841309
7.315760612487793
-0.8139519095420837
-7.9826130867004395
7.315760612487793
-0.8433718681335449
-7.933579444885254
7.276534080505371
-0.7943386435508728
-7.9629998207092285
7.3059539794921875
-0.823758602142334
-7.9826130867004395
7.335373878479004
-0.8825984597206116
-8.031645774841309
7.247114181518555
-0.8433718681335449
-8.002225875854492
7.276534080505371
-0.8335652351379395
-8.002225875854492
7.315760612487793
-0.823758602142334
-7.953193187713623
7.3059539794921875
-0.8727918267250061
-7.992419719696045
7.345180511474609
-0.7943386435508728
-7.953193187713623
7.3059539794921875
-0.7943386435508728
-8.021839141845703
7.237307548522949
-0.823758602142334
-7.972806453704834
7.286340713500977
-0.8531785011291504
-7.923772811889648
7.325567245483398
-0.8041452765464783
-7.9826130867004395
7.286340713500977
-0.823758602142334
-7.923772811889648
7.315760612487793
-0.7747253179550171
-7.923772811889648
7.335373878479004
-0.7845319509506226
-8.031645774841309
7.286340713500977
-0.8433718681335449
-8.012032508850098
7.335373878479004
-0.8629851937294006
-7.9629998207092285
7.345180511474609
-0.8531785011291504
-8.012032508850098
7.276534080505371
-0.8531785011291504
-7.9826130867004395
7.286340713500977
-0.8335652351379395
-7.923772811889648
7.3059539794921875
-0.8139519095420837
-7.9826130867004395
7.315760612487793
-0.8139519095420837
-7.9826130867004395
7.325567245483398
-0.7845319509506226
-7.933579444885254
7.296147346496582
-0.8335652351379395
-7.943386077880859
7.276534080505371
-0.8335652351379395
-7.972806453704834
7.354987144470215
-0.823758602142334
-7.9826130867004395
7.325567245483398
-0.8041452765464783
-7.9041595458984375
7.276534080505371
-0.7943386435508728
-7.953193187713623
7.296147346496582
-0.8139519095420837
-7.913966178894043
7.36479377746582
-0.823758602142334
-8.031645774841309
7.276534080505371
-0.7747253179550171
-7.923772811889648
7.276534080505371
-0.7649186849594116
-7.943386077880859
7.384407043457031
-0.8139519095420837
-7.992419719696045
7.247114181518555
-0.7943386435508728
-7.992419719696045
7.374600410461426
-0.8531785011291504
-7.913966178894043
7.315760612487793
-0.823758602142334
-7.992419719696045
7.345180511474609
-0.8041452765464783
-7.933579444885254
7.266727447509766
-0.8041452765464783
-7.923772811889648
7.36479377746582
-0.8335652351379395
-8.002225875854492
7.276534080505371
-0.8335652351379395
-7.972806453704834
7.266727447509766
-0.8139519095420837
-8.012032508850098
7.335373878479004
-0.8335652351379395
-7.972806453704834
7.296147346496582
-0.8041452765464783
-7.972806453704834
7.286340713500977
-0.7943386435508728
-7.923772811889648
7.276534080505371
-0.7649186849594116
-7.972806453704834
7.296147346496582
-0.823758602142334
-8.002225875854492
7.266727447509766
-0.8433718681335449
-8.061065673828125
7.286340713500977
-0.8335652351379395
-7.992419719696045
7.286340713500977
-0.8041452765464783
-7.9826130867004395
7.3059539794921875
-0.7845319509506226
-8.031645774841309
7.315760612487793
-0.7943386435508728
-7.933579444885254
7.266727447509766
-0.8433718681335449
-7.972806453704834
7.296147346496582
-0.8629851937294006
-7.992419719696045
7.3059539794921875
-0.8629851937294006
-8.012032508850098
7.286340713500977
-0.8335652351379395
-7.923772811889648
7.3059539794921875
-0.7943386435508728
-7.992419719696045
7.276534080505371
-0.8335652351379395
-7.943386077880859
7.315760612487793
-0.8629851937294006
-7.845319747924805
7.276534080505371
-0.8041452765464783
-7.972806453704834
7.25692081451416
-0.823758602142334
-7.972806453704834
7.315760612487793
-0.8335652351379395
-7.972806453704834
7.286340713500977
-0.8139519095420837
-7.943386077880859
7.3059539794921875
-0.8629851937294006
-7.9629998207092285
7.276534080505371
-0.7747253179550171
-8.002225875854492
7.315760612487793
-0.8433718681335449
-7.992419719696045
7.276534080505371
-0.8531785011291504
-8.012032508850098
7.315760612487793
-0.8727918267250061
-7.953193187713623
7.3059539794921875
-0.823758602142334
-7.953193187713623
7.296147346496582
-0.8629851937294006
-8.031645774841309
7.335373878479004
-0.823758602142334
-7.9629998207092285
7.325567245483398
-0.7845319509506226
-7.9629998207092285
7.315760612487793
-0.8139519095420837
-7.953193187713623
7.345180511474609
-0.8531785011291504
-7.992419719696045
7.286340713500977
-0.8041452765464783
-8.002225875854492
7.227500915527344
-0.8727918267250061
-8.021839141845703
7.25692081451416
-0.7845319509506226
-7.9826130867004395
7.25692081451416
-0.823758602142334
-7.953193187713623
7.207887649536133
-0.8335652351379395
-7.953193187713623
7.286340713500977
-0.8825984597206116
-7.953193187713623
7.325567245483398
-0.8335652351379395
-7.972806453704834
7.354987144470215
-0.7845319509506226
-8.041452407836914
7.315760612487793
-0.8041452765464783
-7.943386077880859
7.315760612487793
-0.8335652351379395
-7.9041595458984375
7.315760612487793
-0.8139519095420837
-7.953193187713623
7.266727447509766
-0.8139519095420837
-8.021839141845703
7.266727447509766
-0.8433718681335449
-8.05125904083252
7.25692081451416
-0.8041452765464783
-7.972806453704834
7.354987144470215
-0.8433718681335449
-7.972806453704834
7.3059539794921875
-0.8335652351379395
-7.9826130867004395
7.296147346496582
-0.7551120519638062
-7.9826130867004395
7.3059539794921875
-0.8139519095420837
-7.953193187713623
7.296147346496582
-0.8335652351379395
-7.992419719696045
7.296147346496582
-0.8433718681335449
-7.953193187713623
7.286340713500977
-0.8041452765464783
-8.002225875854492
7.3059539794921875
-0.8041452765464783
-7.933579444885254
7.315760612487793
-0.8335652351379395
-7.943386077880859
7.266727447509766
-0.7943386435508728
-8.002225875854492
7.237307548522949
-0.7845319509506226
-7.943386077880859
7.276534080505371
-0.823758602142334
-7.992419719696045
7.325567245483398
-0.7845319509506226
-7.9826130867004395
7.335373878479004
-0.7747253179550171
-7.9826130867004395
7.247114181518555
-0.8041452765464783
-7.953193187713623
7.296147346496582
-0.8727918267250061
-7.972806453704834
7.3059539794921875
-0.823758602142334
-7.9629998207092285
7.286340713500977
-0.8433718681335449
-7.9629998207092285
7.286340713500977
-0.8139519095420837
-8.002225875854492
7.3059539794921875
-0.8335652351379395
-7.972806453704834
7.315760612487793
-0.8433718681335449
-7.992419719696045
7.276534080505371
-0.8531785011291504
-8.012032508850098
7.25692081451416
-0.8727918267250061
-7.972806453704834
7.325567245483398
-0.823758602142334
-8.012032508850098
7.315760612487793
-0.8041452765464783
-7.953193187713623
7.276534080505371
-0.823758602142334
-7.972806453704834
7.266727447509766
-0.7943386435508728
-7.9629998207092285
7.247114181518555
-0.823758602142334
-8.002225875854492
7.3059539794921875
-0.7943386435508728
-7.9629998207092285
7.315760612487793
-0.7943386435508728
-7.9629998207092285
7.315760612487793
-0.8041452765464783
-8.002225875854492
7.325567245483398
-0.8433718681335449
-7.953193187713623
7.286340713500977
-0.8433718681335449
-7.9826130867004395
7.325567245483398
-0.7943386435508728
-8.012032508850098
7.25692081451416
-0.823758602142334
-7.9826130867004395
7.25692081451416
-0.8531785011291504
-7.972806453704834
7.247114181518555
-0.8629851937294006
-7.972806453704834
7.237307548522949
-0.8139519095420837
-8.041452407836914
7.286340713500977
-0.9120184183120728
-7.9826130867004395
7.315760612487793
-0.7943386435508728
-7.9629998207092285
7.36479377746582
-0.7649186849594116
-7.894352912902832
7.325567245483398
-0.8041452765464783
-7.943386077880859
7.315760612487793
-0.7845319509506226
-7.9629998207092285
7.296147346496582
-0.8041452765464783
-8.002225875854492
7.247114181518555
-0.8139519095420837
-8.021839141845703
7.227500915527344
-0.8433718681335449
-7.9826130867004395
7.325567245483398
-0.8531785011291504
-7.874739646911621
7.325567245483398
-0.8433718681335449
-7.992419719696045
7.286340713500977
-0.8139519095420837
-7.953193187713623
7.3059539794921875
-0.7747253179550171
-7.913966178894043
7.325567245483398
-0.823758602142334
-8.012032508850098
7.296147346496582
-0.8727918267250061
-7.933579444885254
7.296147346496582
-0.8433718681335449
-7.9629998207092285
7.296147346496582
-0.8041452765464783
-7.992419719696045
7.296147346496582
-0.7845319509506226
-7.953193187713623
7.3059539794921875
-0.8433718681335449
-7.9826130867004395
7.266727447509766
-0.8335652351379395
-7.923772811889648
7.247114181518555
-0.8433718681335449
-7.953193187713623
7.345180511474609
-0.8139519095420837
-7.992419719696045
7.3059539794921875
-0.8629851937294006
-7.992419719696045
7.296147346496582
-0.823758602142334
-7.9629998207092285
7.296147346496582
-0.8335652351379395
-7.943386077880859
7.266727447509766
-0.8041452765464783
-8.061065673828125
7.296147346496582
-0.823758602142334
-7.9826130867004395
7.296147346496582
-0.8629851937294006
-7.972806453704834
7.3059539794921875
-0.8335652351379395
-7.9826130867004395
7.354987144470215
-0.8531785011291504
-7.9629998207092285
7.247114181518555
-0.7943386435508728
-7.9041595458984375
7.413827419281006
-0.8727918267250061
-7.992419719696045
7.25692081451416
-0.9022117853164673
-7.894352912902832
7.276534080505371
-0.823758602142334
-8.012032508850098
7.3059539794921875
-0.823758602142334
-8.002225875854492
7.3059539794921875
-0.7943386435508728
-8.002225875854492
7.325567245483398
-0.8335652351379395
-7.992419719696045
7.3059539794921875
-0.7649186849594116
-8.012032508850098
7.345180511474609
-0.8629851937294006
-7.913966178894043
7.286340713500977
-0.8531785011291504
-7.894352912902832
7.25692081451416
-0.8139519095420837
-7.9629998207092285
7.286340713500977
-0.8041452765464783
-7.9629998207092285
7.25692081451416
-0.8139519095420837
-7.972806453704834
7.315760612487793
-0.823758602142334
-8.002225875854492
7.25692081451416
-0.8041452765464783
-7.9629998207092285
7.286340713500977
-0.8041452765464783
-7.992419719696045
7.266727447509766
-0.8825984597206116
-7.9826130867004395
7.227500915527344
-0.8825984597206116
-8.021839141845703
7.276534080505371
-0.7747253179550171
-7.992419719696045
7.325567245483398
-0.7354987263679504
-8.021839141845703
7.325567245483398
-0.7845319509506226
-7.9629998207092285
7.3059539794921875
-0.8335652351379395
-7.9629998207092285
7.296147346496582
-0.8335652351379395
-7.972806453704834
7.276534080505371
-0.8825984597206116
-8.012032508850098
7.276534080505371
-0.8139519095420837
-8.002225875854492
7.296147346496582
-0.8335652351379395
-7.933579444885254
7.276534080505371
-0.7845319509506226
-7.943386077880859
7.374600410461426
-0.8139519095420837
-7.943386077880859
7.3059539794921875
-0.823758602142334
-7.933579444885254
7.276534080505371
-0.8531785011291504
-7.943386077880859
7.296147346496582
-0.8727918267250061
-7.953193187713623
7.296147346496582
-0.8139519095420837
-7.992419719696045
7.286340713500977
-0.8139519095420837
-8.012032508850098
7.296147346496582
-0.7845319509506226
-7.953193187713623
7.3059539794921875
-0.8139519095420837
-7.9826130867004395
7.3059539794921875
-0.823758602142334
-7.943386077880859
7.315760612487793
-0.8139519095420837
-7.953193187713623
7.3059539794921875
-0.8433718681335449
-7.992419719696045
7.247114181518555
-0.8139519095420837
-8.002225875854492
7.286340713500977
-0.823758602142334
-7.972806453704834
7.266727447509766
-0.8335652351379395
-7.9826130867004395
7.315760612487793
-0.7845319509506226
-7.953193187713623
7.315760612487793
-0.823758602142334
-8.012032508850098
7.276534080505371
-0.8531785011291504
-8.012032508850098
7.315760612487793
-0.8433718681335449
-7.992419719696045
7.276534080505371
-0.8041452765464783
-7.9826130867004395
7.286340713500977
-0.8041452765464783
-8.031645774841309
7.354987144470215
-0.8531785011291504
-7.943386077880859
7.286340713500977
-0.8041452765464783
-7.9826130867004395
7.296147346496582
-0.823758602142334
-7.923772811889648
7.266727447509766
-0.8139519095420837
-7.953193187713623
7.345180511474609
-0.8629851937294006
-7.9629998207092285
7.276534080505371
-0.8139519095420837
-8.012032508850098
7.25692081451416
-0.8139519095420837
-7.933579444885254
7.335373878479004
-0.823758602142334
-7.9629998207092285
7.276534080505371
-0.8629851937294006
-8.061065673828125
7.3059539794921875
-0.8335652351379395
-7.9826130867004395
7.296147346496582
-0.823758602142334
-7.972806453704834
7.296147346496582
-0.7943386435508728
-8.012032508850098
7.296147346496582
-0.8139519095420837
-8.002225875854492
7.296147346496582
-0.8335652351379395
-8.05125904083252
7.286340713500977
-0.8531785011291504
-7.9629998207092285
7.3059539794921875
-0.8531785011291504
-7.972806453704834
7.3059539794921875
-0.823758602142334
-7.992419719696045
7.286340713500977
-0.8041452765464783
-7.953193187713623
7.286340713500977
-0.8041452765464783
-7.894352912902832
7.3059539794921875
-0.8041452765464783
-7.992419719696045
7.3059539794921875
-0.8335652351379395
-7.972806453704834
7.286340713500977
-0.8139519095420837
-7.972806453704834
7.3059539794921875
-0.823758602142334
-7.992419719696045
7.3059539794921875
-0.8139519095420837
-7.9629998207092285
7.276534080505371
-0.8433718681335449
-8.021839141845703
7.296147346496582
-0.8335652351379395
-7.933579444885254
7.276534080505371
-0.8531785011291504
-7.992419719696045
7.247114181518555
-0.8139519095420837
-7.913966178894043
7.325567245483398
-0.823758602142334
-7.933579444885254
7.296147346496582
-0.823758602142334
-8.002225875854492
7.286340713500977
-0.823758602142334
-8.012032508850098
7.3059539794921875
-0.8335652351379395
-7.943386077880859
7.286340713500977
-0.8335652351379395
-7.972806453704834
7.286340713500977
-0.8335652351379395
-8.002225875854492
7.296147346496582
-0.8335652351379395
-7.9826130867004395
7.276534080505371
-0.8139519095420837
-7.953193187713623
7.315760612487793
-0.8335652351379395
-7.953193187713623
7.296147346496582
-0.7943386435508728
-7.9629998207092285
7.247114181518555
-0.8629851937294006
-7.953193187713623
7.296147346496582
-0.7747253179550171
-7.992419719696045
7.345180511474609
-0.8139519095420837
-7.9629998207092285
7.325567245483398
-0.7943386435508728
-7.943386077880859
7.3059539794921875
-0.7943386435508728
-7.972806453704834
7.296147346496582
-0.8041452765464783
-7.9629998207092285
7.266727447509766
-0.8433718681335449
-7.9826130867004395
7.325567245483398
-0.8335652351379395
-8.002225875854492
7.286340713500977
-0.8433718681335449
-7.992419719696045
7.286340713500977
-0.8433718681335449
-7.972806453704834
7.325567245483398
-0.8041452765464783
-7.992419719696045
7.296147346496582
-0.8335652351379395
-7.972806453704834
7.25692081451416
-0.8335652351379395
-8.021839141845703
7.3059539794921875
-0.8139519095420837
-8.021839141845703
7.325567245483398
-0.8335652351379395
-7.9826130867004395
7.3059539794921875
-0.8335652351379395
-7.943386077880859
7.247114181518555
-0.8139519095420837
-7.9629998207092285
7.325567245483398
-0.9022117853164673
-7.9826130867004395
7.266727447509766
-0.8433718681335449
-7.9629998207092285
7.3059539794921875
-0.8629851937294006
-8.002225875854492
7.25692081451416
-0.8433718681335449
-7.933579444885254
7.286340713500977
-0.8139519095420837
-7.972806453704834
7.296147346496582
-0.8531785011291504
-8.002225875854492
7.286340713500977
-0.823758602142334
-8.07087230682373
7.286340713500977
-0.7943386435508728
-7.972806453704834
7.237307548522949
-0.8139519095420837
-8.021839141845703
7.296147346496582
-0.8433718681335449
-7.923772811889648
7.286340713500977
-0.8433718681335449
-7.9826130867004395
7.247114181518555
-0.8335652351379395
-7.9041595458984375
7.325567245483398
-0.8041452765464783
-7.953193187713623
7.266727447509766
-0.8433718681335449
-8.012032508850098
7.3059539794921875
-0.8139519095420837
-7.9629998207092285
7.296147346496582
-0.7747253179550171
-8.031645774841309
7.325567245483398
-0.8433718681335449
-8.002225875854492
7.286340713500977
-0.8041452765464783
-7.992419719696045
7.266727447509766
-0.8433718681335449
-7.9629998207092285
7.247114181518555
-0.8433718681335449
-7.953193187713623
7.296147346496582
-0.7943386435508728
-7.992419719696045
7.3059539794921875
-0.8433718681335449
-7.992419719696045
7.286340713500977
-0.7943386435508728
-7.943386077880859
7.286340713500977
-0.8041452765464783
-7.953193187713623
7.315760612487793
-0.7845319509506226
-7.992419719696045
7.286340713500977
-0.8433718681335449
-8.012032508850098
7.296147346496582
-0.8139519095420837
-7.972806453704834
7.286340713500977
-0.8041452765464783
-7.992419719696045
7.266727447509766
-0.823758602142334
-7.933579444885254
7.266727447509766
-0.8335652351379395
-8.021839141845703
7.286340713500977
-0.8335652351379395
-7.953193187713623
7.296147346496582
-0.823758602142334
-8.031645774841309
7.296147346496582
-0.823758602142334
-7.9826130867004395
7.296147346496582
-0.8531785011291504
-7.933579444885254
7.3059539794921875
-0.823758602142334
-7.9629998207092285
7.266727447509766
-0.8139519095420837
-7.9629998207092285
7.266727447509766
-0.823758602142334
-7.943386077880859
7.3059539794921875
-0.8629851937294006
-7.992419719696045
7.266727447509766
-0.8335652351379395
-7.933579444885254
7.335373878479004
-0.823758602142334
-8.031645774841309
7.286340713500977
-0.8041452765464783
-7.9629998207092285
7.296147346496582
-0.8531785011291504
-7.992419719696045
7.276534080505371
-0.8629851937294006
-8.002225875854492
7.296147346496582
-0.7943386435508728
-8.021839141845703
7.296147346496582
-0.823758602142334
-8.031645774841309
7.3059539794921875
-0.8433718681335449
-7.943386077880859
7.325567245483398
-0.8433718681335449
-7.923772811889648
7.286340713500977
-0.8433718681335449
-7.923772811889648
7.247114181518555
-0.7649186849594116
-7.9826130867004395
7.325567245483398
-0.8727918267250061
-8.002225875854492
7.3059539794921875
-0.8335652351379395
-8.021839141845703
7.3059539794921875
-0.8335652351379395
-8.012032508850098
7.286340713500977
-0.7845319509506226
-8.002225875854492
7.3059539794921875
-0.823758602142334
-7.9826130867004395
7.335373878479004
-0.8139519095420837
-8.021839141845703
7.237307548522949
-0.823758602142334
-7.943386077880859
7.25692081451416
-0.8629851937294006
-7.9826130867004395
7.227500915527344
-0.8531785011291504
-7.992419719696045
7.335373878479004
-0.8433718681335449
-8.002225875854492
7.247114181518555
-0.7943386435508728
-7.992419719696045
7.286340713500977
-0.8335652351379395
-7.9629998207092285
7.3059539794921875
-0.823758602142334
-8.012032508850098
7.266727447509766
-0.8139519095420837
-7.953193187713623
7.276534080505371
-0.8433718681335449
-7.9629998207092285
7.315760612487793
-0.8139519095420837
-7.9826130867004395
7.286340713500977
-0.8433718681335449
-8.012032508850098
7.286340713500977
-0.8139519095420837
-8.031645774841309
7.3059539794921875
-0.8531785011291504
-8.002225875854492
7.247114181518555
-0.8041452765464783
-7.953193187713623
7.266727447509766
-0.8335652351379395
-7.933579444885254
7.3059539794921875
-0.823758602142334
-7.992419719696045
7.296147346496582
-0.8531785011291504
-7.9826130867004395
7.25692081451416
-0.7943386435508728
-7.943386077880859
7.247114181518555
-0.823758602142334
-7.9826130867004395
7.315760612487793
-0.8139519095420837
-8.002225875854492
7.296147346496582
-0.8531785011291504
-7.992419719696045
7.315760612487793
-0.8139519095420837
-7.943386077880859
