2.9518015384674072
-9.21825122833252
0.21574629843235016
3.0792880058288574
-9.13979721069336
0.13729310035705566
3.010641574859619
-9.247671127319336
0.13729310035705566
2.991028070449829
-9.257477760314941
0.156906396150589
3.1381278038024902
-9.15941047668457
-0.05883989855647087
2.9321882724761963
-9.365350723266602
0.42168593406677246
2.991028070449829
-9.267284393310547
0.16671304404735565
3.03025484085083
-9.13979721069336
0.127486452460289
3.010641574859619
-9.21825122833252
0.313812792301178
3.0596747398376465
-9.15941047668457
0.14709974825382233
3.0792880058288574
-9.228057861328125
0.24516624212265015
3.0989012718200684
-9.179023742675781
0.17651969194412231
2.922381639480591
-9.247671127319336
0.13729310035705566
2.991028070449829
-9.257477760314941
0.26477953791618347
2.971414804458618
-9.179023742675781
0.156906396150589
3.0008349418640137
-9.228057861328125
0.10787314921617508
3.069481372833252
-9.208444595336914
0.313812792301178
3.0204482078552246
-9.188830375671387
0.22555294632911682
2.9321882724761963
-9.277091026306152
0.35303938388824463
2.922381639480591
-9.15941047668457
0.127486452460289
3.0596747398376465
-9.198637008666992
0.09806649386882782
3.0400614738464355
-9.188830375671387
0.14709974825382233
3.1577413082122803
-9.179023742675781
0.10787314921617508
2.9419949054718018
-9.316317558288574
0.22555294632911682
2.922381639480591
-9.21825122833252
0.37265267968177795
2.9812214374542236
-9.15941047668457
0.019613299518823624
2.9518015384674072
-9.188830375671387
0.2059396505355835
3.108707904815674
-9.188830375671387
0.23535959422588348
3.010641574859619
-9.21825122833252
0.23535959422588348
2.9125750064849854
-9.306510925292969
0.4412992298603058
3.0400614738464355
-9.120183944702148
0.13729310035705566
2.8929617404937744
-9.277091026306152
0.26477953791618347
2.971414804458618
-9.188830375671387
0.26477953791618347
3.1283211708068848
-9.120183944702148
0.14709974825382233
3.0989012718200684
-9.169217109680176
0.37265267968177795
2.922381639480591
-9.32612419128418
0.4314925968647003
3.03025484085083
-9.100570678710938
0.23535959422588348
2.9518015384674072
-9.247671127319336
0.26477953791618347
2.8929617404937744
-9.277091026306152
0.16671304404735565
3.1185145378112793
-9.110377311706543
0.18632633984088898
2.922381639480591
-9.277091026306152
0.4609125256538391
3.1185145378112793
-9.120183944702148
0.08825984597206116
2.9125750064849854
-9.267284393310547
0.40207263827323914
2.991028070449829
-9.21825122833252
0.17651969194412231
2.9125750064849854
-9.257477760314941
0.21574629843235016
2.971414804458618
-9.179023742675781
0.4314925968647003
3.010641574859619
-9.188830375671387
0.2843928337097168
3.0204482078552246
-9.15941047668457
0.37265267968177795
2.8537349700927734
-9.257477760314941
0.3334260880947113
3.0792880058288574
-9.13979721069336
0.3334260880947113
3.089094638824463
-9.100570678710938
0.34323275089263916
3.010641574859619
-9.149603843688965
0.127486452460289
2.9616081714630127
-9.257477760314941
0.17651969194412231
2.9518015384674072
-9.179023742675781
0.5491724014282227
2.8341217041015625
-9.179023742675781
0.18632633984088898
2.9419949054718018
-9.15941047668457
0.156906396150589
3.010641574859619
-9.169217109680176
0.32361945509910583
2.804701805114746
-9.375157356262207
0.4903324842453003
3.1283211708068848
-9.090764045715332
0.10787314921617508
2.8733484745025635
-9.267284393310547
0.35303938388824463
3.010641574859619
-9.188830375671387
0.3334260880947113
2.9812214374542236
-9.149603843688965
0.5687856674194336
3.0008349418640137
-9.149603843688965
0.009806649759411812
2.8145084381103516
-9.335930824279785
0.5687856674194336
3.069481372833252
-9.188830375671387
0.3922659754753113
2.922381639480591
-9.208444595336914
0.32361945509910583
2.7948951721191406
-9.286897659301758
0.5001391172409058
3.010641574859619
-9.149603843688965
0.5197524428367615
2.843928337097168
-9.286897659301758
0.35303938388824463
3.2460010051727295
-9.0319242477417
0.23535959422588348
2.90276837348938
-9.296704292297363
0.4412992298603058
3.0596747398376465
-9.179023742675781
0.24516624212265015
2.9125750064849854
-9.296704292297363
0.3334260880947113
3.1675479412078857
-9.041730880737305
0.156906396150589
2.824315071105957
-9.32612419128418
0.42168593406677246
3.010641574859619
-9.110377311706543
0.3334260880947113
2.9125750064849854
-9.198637008666992
0.45110589265823364
3.0400614738464355
-9.15941047668457
0.3334260880947113
2.922381639480591
-9.247671127319336
0.3922659754753113
3.2263877391815186
-9.120183944702148
0.10787314921617508
2.922381639480591
-9.365350723266602
0.16671304404735565
3.0792880058288574
-9.129990577697754
0.3334260880947113
2.922381639480591
-9.149603843688965
0.313812792301178
2.824315071105957
-9.198637008666992
0.3824593424797058
3.010641574859619
-9.15941047668457
0.37265267968177795
2.991028070449829
-9.129990577697754
0.27458620071411133
3.089094638824463
-9.188830375671387
0.3334260880947113
3.0008349418640137
-9.21825122833252
0.3922659754753113
3.196967840194702
-9.120183944702148
0.16671304404735565
3.03025484085083
-9.228057861328125
0.5295590758323669
2.9616081714630127
-9.228057861328125
0.3922659754753113
2.971414804458618
-9.15941047668457
0.254972904920578
3.0204482078552246
-9.228057861328125
0.411879301071167
3.108707904815674
-9.120183944702148
-0.156906396150589
3.1577413082122803
-9.13979721069336
0.254972904920578
2.922381639480591
-9.384963989257813
0.5589790344238281
2.971414804458618
-9.15941047668457
0.14709974825382233
3.1871612071990967
-9.208444595336914
0.18632633984088898
3.089094638824463
-9.296704292297363
0.4805258512496948
3.3048410415649414
-9.090764045715332
0.21574629843235016
2.8341217041015625
-9.335930824279785
0.34323275089263916
3.1283211708068848
-9.041730880737305
0.10787314921617508
3.010641574859619
-9.198637008666992
0.4805258512496948
3.147934675216675
-9.13979721069336
0.21574629843235016
2.8929617404937744
-9.208444595336914
0.09806649386882782
3.422520875930786
-8.973084449768066
0.313812792301178
3.1185145378112793
-9.306510925292969
0.37265267968177795
3.069481372833252
-9.34573745727539
0.313812792301178
3.108707904815674
-9.090764045715332
0.09806649386882782
3.049868106842041
-9.15941047668457
0.17651969194412231
3.0989012718200684
-9.15941047668457
0.06864655017852783
3.1577413082122803
-9.15941047668457
0.32361945509910583
3.1675479412078857
-9.169217109680176
0.18632633984088898
2.991028070449829
-9.247671127319336
0.254972904920578
3.147934675216675
-9.21825122833252
0.09806649386882782
3.314647674560547
-8.94366455078125
-0.34323275089263916
2.9125750064849854
-9.414383888244629
0.4314925968647003
3.295034408569336
-9.080957412719727
0.21574629843235016
2.9321882724761963
-9.257477760314941
0.40207263827323914
3.0989012718200684
-9.110377311706543
0.03922659903764725
3.147934675216675
-9.13979721069336
0.06864655017852783
3.255807638168335
-9.129990577697754
-0.019613299518823624
3.177354574203491
-9.21825122833252
0.0784531980752945
3.1283211708068848
-9.129990577697754
0.11767979711294174
3.0400614738464355
-9.179023742675781
0.13729310035705566
3.1675479412078857
-9.179023742675781
0.13729310035705566
3.1871612071990967
-9.296704292297363
0.156906396150589
3.3538742065429688
-9.198637008666992
0.04903324693441391
3.216581106185913
-9.198637008666992
0.019613299518823624
3.0008349418640137
-9.120183944702148
0.16671304404735565
3.0989012718200684
-9.041730880737305
0.04903324693441391
3.0989012718200684
-9.228057861328125
0.11767979711294174
3.4127140045166016
-9.188830375671387
0.27458620071411133
3.2460010051727295
-9.120183944702148
0.13729310035705566
3.0596747398376465
-9.090764045715332
0.05883989855647087
3.010641574859619
-9.15941047668457
0.14709974825382233
3.0008349418640137
-9.188830375671387
0.127486452460289
3.2460010051727295
-9.05153751373291
0.313812792301178
3.2263877391815186
-9.149603843688965
0.14709974825382233
3.1871612071990967
-9.228057861328125
0.029419949278235435
3.1675479412078857
-9.208444595336914
0.313812792301178
3.2852277755737305
-9.179023742675781
0.04903324693441391
3.0008349418640137
-9.247671127319336
0.156906396150589
3.0989012718200684
-9.208444595336914
0.127486452460289
3.1577413082122803
-9.120183944702148
0.16671304404735565
3.010641574859619
-9.21825122833252
0.18632633984088898
3.1381278038024902
-9.169217109680176
0.19613298773765564
3.236194372177124
-9.208444595336914
0.13729310035705566
3.216581106185913
-9.169217109680176
0.14709974825382233
3.108707904815674
-9.208444595336914
0.156906396150589
3.1871612071990967
-9.15941047668457
0.2059396505355835
3.0792880058288574
-9.23786449432373
0.3040061295032501
3.1675479412078857
-9.149603843688965
0.18632633984088898
3.147934675216675
-9.208444595336914
0.21574629843235016
3.0400614738464355
-9.21825122833252
0.26477953791618347
3.1577413082122803
-9.169217109680176
0.19613298773765564
3.1871612071990967
-9.100570678710938
0.14709974825382233
3.010641574859619
-9.277091026306152
0.22555294632911682
3.2263877391815186
-9.23786449432373
0.127486452460289
3.108707904815674
-9.110377311706543
0.17651969194412231
3.010641574859619
-8.992697715759277
0.42168593406677246
3.2067744731903076
-9.090764045715332
0.11767979711294174
2.90276837348938
-9.247671127319336
0.19613298773765564
3.1871612071990967
-9.198637008666992
0.16671304404735565
3.2852277755737305
-9.120183944702148
0.23535959422588348
3.089094638824463
-9.149603843688965
0.156906396150589
3.0792880058288574
-9.129990577697754
0.21574629843235016
3.1871612071990967
-9.198637008666992
0.19613298773765564
3.049868106842041
-9.169217109680176
0.21574629843235016
3.2067744731903076
-9.188830375671387
0.2059396505355835
3.1185145378112793
-9.169217109680176
0.18632633984088898
3.0989012718200684
-9.247671127319336
0.19613298773765564
3.196967840194702
-9.110377311706543
0.24516624212265015
3.196967840194702
-9.13979721069336
0.19613298773765564
3.0989012718200684
-9.198637008666992
0.2059396505355835
3.049868106842041
-9.13979721069336
0.21574629843235016
3.069481372833252
-9.23786449432373
0.13729310035705566
3.1381278038024902
-9.188830375671387
0.21574629843235016
3.177354574203491
-9.149603843688965
0.13729310035705566
3.147934675216675
-9.179023742675781
0.18632633984088898
3.0792880058288574
-9.120183944702148
0.16671304404735565
3.0989012718200684
-9.188830375671387
0.2059396505355835
3.1381278038024902
-9.120183944702148
0.2059396505355835
3.2067744731903076
-9.188830375671387
0.24516624212265015
3.1283211708068848
-9.149603843688965
0.16671304404735565
3.2067744731903076
-9.149603843688965
0.16671304404735565
3.1185145378112793
-9.100570678710938
0.14709974825382233
3.1185145378112793
-9.13979721069336
0.23535959422588348
3.2852277755737305
-9.198637008666992
0.26477953791618347
3.0596747398376465
-9.149603843688965
0.21574629843235016
3.2067744731903076
-9.120183944702148
0.22555294632911682
3.1577413082122803
-9.169217109680176
0.22555294632911682
3.1675479412078857
-9.179023742675781
0.13729310035705566
3.1185145378112793
-9.169217109680176
0.3334260880947113
3.216581106185913
-9.061344146728516
0.156906396150589
3.1283211708068848
-9.208444595336914
0.254972904920578
3.255807638168335
-9.198637008666992
0.35303938388824463
3.2067744731903076
-9.169217109680176
0.156906396150589
3.0400614738464355
-9.179023742675781
0.3628460466861725
3.1675479412078857
-9.13979721069336
0.254972904920578
3.177354574203491
-9.188830375671387
0.26477953791618347
3.0596747398376465
-9.188830375671387
0.313812792301178
3.1675479412078857
-9.21825122833252
0.32361945509910583
3.1871612071990967
-9.110377311706543
0.24516624212265015
3.1283211708068848
-9.188830375671387
0.313812792301178
3.1577413082122803
-9.179023742675781
0.26477953791618347
3.196967840194702
-9.13979721069336
0.21574629843235016
3.089094638824463
-9.208444595336914
0.26477953791618347
3.0989012718200684
-9.110377311706543
0.254972904920578
3.0989012718200684
-9.129990577697754
0.254972904920578
3.089094638824463
-9.21825122833252
0.32361945509910583
3.177354574203491
-9.15941047668457
0.2059396505355835
3.1675479412078857
-9.15941047668457
0.22555294632911682
3.0792880058288574
-9.228057861328125
0.254972904920578
3.0792880058288574
-9.15941047668457
0.13729310035705566
3.0989012718200684
-9.120183944702148
0.29419949650764465
3.0989012718200684
-9.15941047668457
0.254972904920578
3.0400614738464355
-9.110377311706543
0.27458620071411133
3.0989012718200684
-9.188830375671387
0.29419949650764465
3.147934675216675
-9.120183944702148
0.313812792301178
3.089094638824463
-9.228057861328125
0.29419949650764465
3.049868106842041
-9.21825122833252
0.3334260880947113
3.03025484085083
-9.208444595336914
0.29419949650764465
3.089094638824463
-9.149603843688965
0.27458620071411133
3.010641574859619
-9.188830375671387
0.3040061295032501
3.1675479412078857
-9.149603843688965
0.29419949650764465
3.089094638824463
-9.120183944702148
0.254972904920578
3.049868106842041
-9.23786449432373
0.2843928337097168
3.0792880058288574
-9.208444595336914
0.29419949650764465
3.1675479412078857
-9.129990577697754
0.26477953791618347
3.0596747398376465
-9.21825122833252
0.26477953791618347
3.03025484085083
-9.13979721069336
0.254972904920578
3.0596747398376465
-9.228057861328125
0.3040061295032501
3.0792880058288574
-9.169217109680176
0.26477953791618347
3.108707904815674
-9.198637008666992
0.26477953791618347
3.0792880058288574
-9.179023742675781
0.32361945509910583
3.0792880058288574
-9.198637008666992
0.29419949650764465
3.0792880058288574
-9.198637008666992
0.3334260880947113
3.0400614738464355
-9.13979721069336
0.24516624212265015
3.0204482078552246
-9.188830375671387
0.3040061295032501
3.0989012718200684
-9.169217109680176
0.254972904920578
3.089094638824463
-9.179023742675781
0.26477953791618347
3.0596747398376465
-9.149603843688965
0.24516624212265015
3.177354574203491
-9.306510925292969
0.32361945509910583
3.010641574859619
-9.100570678710938
0.26477953791618347
2.9321882724761963
-9.208444595336914
0.40207263827323914
3.1185145378112793
-9.228057861328125
0.18632633984088898
3.0596747398376465
-9.208444595336914
0.29419949650764465
3.0989012718200684
-9.100570678710938
0.3040061295032501
3.1185145378112793
-9.286897659301758
0.34323275089263916
3.089094638824463
-9.080957412719727
0.23535959422588348
2.90276837348938
-9.169217109680176
0.3334260880947113
3.1283211708068848
-9.149603843688965
0.21574629843235016
3.049868106842041
-9.208444595336914
0.313812792301178
3.089094638824463
-9.169217109680176
0.313812792301178
3.1185145378112793
-9.149603843688965
0.35303938388824463
3.069481372833252
-9.188830375671387
0.2843928337097168
3.089094638824463
-9.208444595336914
0.313812792301178
3.0596747398376465
-9.169217109680176
0.3040061295032501
3.0204482078552246
-9.15941047668457
0.26477953791618347
3.069481372833252
-9.208444595336914
0.26477953791618347
3.0792880058288574
-9.208444595336914
0.3040061295032501
3.069481372833252
-9.13979721069336
0.254972904920578
3.049868106842041
-9.208444595336914
0.27458620071411133
2.9616081714630127
-9.267284393310547
0.3922659754753113
3.0596747398376465
-9.23786449432373
0.26477953791618347
3.177354574203491
-9.15941047668457
0.35303938388824463
3.089094638824463
-9.129990577697754
0.313812792301178
3.049868106842041
-9.129990577697754
0.26477953791618347
3.049868106842041
-9.179023742675781
0.27458620071411133
3.0008349418640137
-9.23786449432373
0.3040061295032501
2.991028070449829
-9.267284393310547
0.3040061295032501
3.03025484085083
-9.208444595336914
0.35303938388824463
3.03025484085083
-9.198637008666992
0.3334260880947113
3.0204482078552246
-9.149603843688965
0.26477953791618347
3.0792880058288574
-9.13979721069336
0.27458620071411133
2.991028070449829
-9.179023742675781
0.254972904920578
3.069481372833252
-9.208444595336914
0.313812792301178
3.089094638824463
-9.15941047668457
0.24516624212265015
3.0596747398376465
-9.198637008666992
0.254972904920578
3.03025484085083
-9.179023742675781
0.21574629843235016
2.9812214374542236
-9.198637008666992
0.29419949650764465
3.0400614738464355
-9.23786449432373
0.26477953791618347
3.03025484085083
-9.179023742675781
0.3334260880947113
3.069481372833252
-9.198637008666992
0.3334260880947113
3.089094638824463
-9.13979721069336
0.24516624212265015
3.0596747398376465
-9.179023742675781
0.313812792301178
2.991028070449829
-9.208444595336914
0.32361945509910583
3.0204482078552246
-9.208444595336914
0.32361945509910583
3.0400614738464355
-9.179023742675781
0.24516624212265015
3.069481372833252
-9.179023742675781
0.2843928337097168
3.0204482078552246
-9.149603843688965
0.2843928337097168
2.9812214374542236
-9.228057861328125
0.35303938388824463
3.0204482078552246
-9.208444595336914
0.35303938388824463
3.0792880058288574
-9.149603843688965
0.313812792301178
3.069481372833252
-9.169217109680176
0.254972904920578
3.03025484085083
-9.208444595336914
0.2843928337097168
3.0008349418640137
-9.23786449432373
0.313812792301178
2.922381639480591
-9.296704292297363
0.3040061295032501
3.0792880058288574
-9.179023742675781
0.3040061295032501
3.0400614738464355
-9.149603843688965
0.29419949650764465
3.010641574859619
-9.090764045715332
0.29419949650764465
2.971414804458618
-9.188830375671387
0.2843928337097168
3.0204482078552246
-9.228057861328125
0.3040061295032501
3.049868106842041
-9.257477760314941
0.37265267968177795
3.0400614738464355
-9.208444595336914
0.2843928337097168
3.0596747398376465
-9.228057861328125
0.34323275089263916
3.010641574859619
-9.169217109680176
0.26477953791618347
3.03025484085083
-9.188830375671387
0.32361945509910583
2.971414804458618
-9.228057861328125
0.37265267968177795
3.010641574859619
-9.169217109680176
0.2843928337097168
2.9812214374542236
-9.169217109680176
0.254972904920578
3.0596747398376465
-9.13979721069336
0.313812792301178
3.0204482078552246
-9.169217109680176
0.313812792301178
2.9616081714630127
-9.23786449432373
0.27458620071411133
3.049868106842041
-9.21825122833252
0.313812792301178
3.0792880058288574
-9.169217109680176
0.27458620071411133
3.0400614738464355
-9.208444595336914
0.3628460466861725
3.0204482078552246
-9.21825122833252
0.3040061295032501
3.0204482078552246
-9.179023742675781
0.3334260880947113
3.03025484085083
-9.21825122833252
0.34323275089263916
2.9616081714630127
-9.13979721069336
0.254972904920578
2.9518015384674072
-9.169217109680176
0.29419949650764465
2.922381639480591
-9.179023742675781
0.21574629843235016
2.971414804458618
-9.21825122833252
0.27458620071411133
3.0204482078552246
-9.21825122833252
0.3824593424797058
3.03025484085083
-9.188830375671387
0.35303938388824463
3.0204482078552246
-9.169217109680176
0.32361945509910583
3.0792880058288574
-9.188830375671387
0.34323275089263916
2.9321882724761963
-9.247671127319336
0.313812792301178
2.991028070449829
-9.23786449432373
0.34323275089263916
3.0400614738464355
-9.198637008666992
0.27458620071411133
3.03025484085083
-9.198637008666992
0.32361945509910583
2.9812214374542236
-9.120183944702148
0.26477953791618347
2.922381639480591
-9.179023742675781
0.21574629843235016
2.991028070449829
-9.15941047668457
0.3824593424797058
3.010641574859619
-9.198637008666992
0.32361945509910583
2.991028070449829
-9.23786449432373
0.40207263827323914
3.0792880058288574
-9.149603843688965
0.2843928337097168
3.1283211708068848
-9.198637008666992
0.34323275089263916
3.0400614738464355
-9.257477760314941
0.29419949650764465
3.010641574859619
-9.247671127319336
0.42168593406677246
2.9812214374542236
-9.198637008666992
0.35303938388824463
2.9518015384674072
-9.149603843688965
0.3334260880947113
2.991028070449829
-9.179023742675781
0.2059396505355835
2.883155107498169
-9.15941047668457
0.3824593424797058
2.8537349700927734
-9.169217109680176
0.3040061295032501
2.9125750064849854
-9.179023742675781
0.34323275089263916
2.922381639480591
-9.198637008666992
0.3334260880947113
2.9518015384674072
-9.169217109680176
0.313812792301178
2.9812214374542236
-9.228057861328125
0.3824593424797058
3.049868106842041
-9.306510925292969
0.35303938388824463
3.1283211708068848
-9.228057861328125
0.3922659754753113
3.177354574203491
-9.228057861328125
0.37265267968177795
3.108707904815674
-9.21825122833252
0.19613298773765564
3.089094638824463
-9.208444595336914
0.35303938388824463
3.0400614738464355
-9.169217109680176
0.254972904920578
2.8929617404937744
-9.21825122833252
0.35303938388824463
2.863541841506958
-9.129990577697754
0.35303938388824463
2.971414804458618
-9.129990577697754
0.3040061295032501
2.8733484745025635
-9.188830375671387
0.29419949650764465
2.9812214374542236
-9.179023742675781
0.313812792301178
2.9616081714630127
-9.188830375671387
0.35303938388824463
2.922381639480591
-9.228057861328125
0.26477953791618347
2.971414804458618
-9.188830375671387
0.3040061295032501
3.0008349418640137
-9.23786449432373
0.29419949650764465
2.9518015384674072
-9.23786449432373
0.3824593424797058
2.971414804458618
-9.198637008666992
0.3628460466861725
3.010641574859619
-9.149603843688965
0.29419949650764465
3.0204482078552246
-9.15941047668457
0.29419949650764465
3.0008349418640137
-9.286897659301758
0.2843928337097168
3.03025484085083
-9.277091026306152
0.4314925968647003
3.0596747398376465
-9.23786449432373
0.35303938388824463
3.0596747398376465
-9.188830375671387
0.29419949650764465
2.971414804458618
-9.129990577697754
0.37265267968177795
2.922381639480591
-9.120183944702148
0.3040061295032501
2.804701805114746
-9.257477760314941
0.3824593424797058
2.8929617404937744
-9.198637008666992
0.32361945509910583
2.9419949054718018
-9.228057861328125
0.3040061295032501
2.90276837348938
-9.208444595336914
0.32361945509910583
3.0008349418640137
-9.13979721069336
0.313812792301178
2.9812214374542236
-9.179023742675781
0.3040061295032501
3.0204482078552246
-9.23786449432373
0.32361945509910583
3.0204482078552246
-9.228057861328125
0.34323275089263916
3.0400614738464355
-9.15941047668457
0.3040061295032501
3.0008349418640137
-9.23786449432373
0.34323275089263916
2.9321882724761963
-9.21825122833252
0.3824593424797058
3.010641574859619
-9.179023742675781
0.35303938388824463
3.0008349418640137
-9.149603843688965
0.32361945509910583
2.971414804458618
-9.198637008666992
0.3334260880947113
2.991028070449829
-9.198637008666992
0.40207263827323914
2.9616081714630127
-9.23786449432373
0.40207263827323914
2.9321882724761963
-9.208444595336914
0.32361945509910583
3.0008349418640137
-9.129990577697754
0.2843928337097168
3.0008349418640137
-9.169217109680176
0.32361945509910583
2.9812214374542236
-9.179023742675781
0.32361945509910583
2.8733484745025635
-9.277091026306152
0.47071918845176697
2.9125750064849854
-9.21825122833252
0.3334260880947113
3.010641574859619
-9.13979721069336
0.32361945509910583
2.9616081714630127
-9.179023742675781
0.254972904920578
3.0008349418640137
-9.228057861328125
0.45110589265823364
2.9616081714630127
-9.257477760314941
0.40207263827323914
3.010641574859619
-9.188830375671387
0.3334260880947113
3.0596747398376465
-9.188830375671387
0.34323275089263916
2.9616081714630127
-9.179023742675781
0.37265267968177795
2.9518015384674072
-9.208444595336914
0.34323275089263916
2.9321882724761963
-9.208444595336914
0.37265267968177795
2.9616081714630127
-9.179023742675781
0.37265267968177795
3.0008349418640137
-9.149603843688965
0.3334260880947113
2.9419949054718018
-9.149603843688965
0.37265267968177795
2.9518015384674072
-9.228057861328125
0.40207263827323914
2.971414804458618
-9.169217109680176
0.35303938388824463
2.922381639480591
-9.179023742675781
0.313812792301178
2.9125750064849854
-9.208444595336914
0.2843928337097168
2.9419949054718018
-9.23786449432373
0.35303938388824463
2.9518015384674072
-9.228057861328125
0.42168593406677246
2.991028070449829
-9.179023742675781
0.313812792301178
2.971414804458618
-9.21825122833252
0.34323275089263916
2.991028070449829
-9.188830375671387
0.27458620071411133
3.010641574859619
-9.23786449432373
0.3334260880947113
3.0008349418640137
-9.228057861328125
0.35303938388824463
3.010641574859619
-9.21825122833252
0.3922659754753113
3.049868106842041
-9.198637008666992
0.4609125256538391
2.9812214374542236
-9.149603843688965
0.3334260880947113
2.9518015384674072
-9.188830375671387
0.34323275089263916
2.9518015384674072
-9.228057861328125
0.34323275089263916
2.9812214374542236
-9.228057861328125
0.3922659754753113
3.049868106842041
-9.188830375671387
0.35303938388824463
2.9812214374542236
-9.208444595336914
0.32361945509910583
2.90276837348938
-9.208444595336914
0.3824593424797058
3.0596747398376465
-9.13979721069336
0.3334260880947113
2.9812214374542236
-9.149603843688965
0.3040061295032501
2.863541841506958
-9.247671127319336
0.3628460466861725
2.922381639480591
-9.198637008666992
0.42168593406677246
2.9518015384674072
-9.208444595336914
0.40207263827323914
3.010641574859619
-9.23786449432373
0.313812792301178
2.9616081714630127
-9.188830375671387
0.3628460466861725
2.991028070449829
-9.129990577697754
0.37265267968177795
2.9518015384674072
-9.149603843688965
0.411879301071167
2.883155107498169
-9.23786449432373
0.32361945509910583
2.9321882724761963
-9.267284393310547
0.42168593406677246
2.991028070449829
-9.198637008666992
0.2843928337097168
3.010641574859619
-9.198637008666992
0.35303938388824463
3.0008349418640137
-9.149603843688965
0.27458620071411133
2.991028070449829
-9.15941047668457
0.3334260880947113
2.9812214374542236
-9.15941047668457
0.34323275089263916
2.922381639480591
-9.179023742675781
0.3922659754753113
2.883155107498169
-9.247671127319336
0.32361945509910583
2.971414804458618
-9.208444595336914
0.35303938388824463
3.0008349418640137
-9.169217109680176
0.35303938388824463
2.9321882724761963
-9.169217109680176
0.29419949650764465
2.9419949054718018
-9.228057861328125
0.3922659754753113
2.9419949054718018
-9.21825122833252
0.32361945509910583
2.9616081714630127
-9.21825122833252
0.411879301071167
3.0204482078552246
-9.198637008666992
0.3824593424797058
3.0400614738464355
-9.179023742675781
0.411879301071167
2.971414804458618
-9.247671127319336
0.4314925968647003
2.9616081714630127
-9.179023742675781
0.4412992298603058
2.9616081714630127
-9.169217109680176
0.35303938388824463
3.0008349418640137
-9.21825122833252
0.3922659754753113
2.9518015384674072
-9.257477760314941
0.3922659754753113
2.971414804458618
-9.23786449432373
0.37265267968177795
2.9321882724761963
-9.15941047668457
0.3628460466861725
2.971414804458618
-9.188830375671387
0.32361945509910583
2.9518015384674072
-9.120183944702148
0.35303938388824463
2.8929617404937744
-9.23786449432373
0.35303938388824463
2.9518015384674072
-9.247671127319336
0.34323275089263916
3.0008349418640137
-9.23786449432373
0.3922659754753113
2.922381639480591
-9.208444595336914
0.3824593424797058
2.9321882724761963
-9.228057861328125
0.3040061295032501
3.0008349418640137
-9.13979721069336
0.4314925968647003
3.010641574859619
-9.188830375671387
0.3824593424797058
2.922381639480591
-9.15941047668457
0.3334260880947113
2.9419949054718018
-9.296704292297363
0.40207263827323914
2.9518015384674072
-9.267284393310547
0.34323275089263916
3.0792880058288574
-9.21825122833252
0.42168593406677246
2.971414804458618
-9.188830375671387
0.42168593406677246
3.010641574859619
-9.129990577697754
0.3922659754753113
2.883155107498169
-9.110377311706543
0.35303938388824463
2.8929617404937744
-9.198637008666992
0.37265267968177795
2.9321882724761963
-9.188830375671387
0.40207263827323914
3.0008349418640137
-9.208444595336914
0.35303938388824463
2.922381639480591
-9.23786449432373
0.47071918845176697
2.8929617404937744
-9.21825122833252
0.3922659754753113
2.9518015384674072
-9.179023742675781
0.4412992298603058
3.010641574859619
-9.169217109680176
0.40207263827323914
3.03025484085083
-9.21825122833252
0.37265267968177795
2.9616081714630127
-9.247671127319336
0.3628460466861725
3.0204482078552246
-9.267284393310547
0.411879301071167
3.0204482078552246
-9.228057861328125
0.3628460466861725
2.90276837348938
-9.198637008666992
0.3628460466861725
3.0989012718200684
-9.15941047668457
0.3040061295032501
2.971414804458618
-9.188830375671387
0.3824593424797058
2.9125750064849854
-9.208444595336914
0.40207263827323914
2.9419949054718018
-9.179023742675781
0.45110589265823364
2.922381639480591
-9.208444595336914
0.42168593406677246
2.883155107498169
-9.198637008666992
0.35303938388824463
2.883155107498169
-9.208444595336914
0.3628460466861725
2.922381639480591
-9.208444595336914
0.3922659754753113
2.9419949054718018
-9.149603843688965
0.45110589265823364
2.9419949054718018
-9.188830375671387
0.3824593424797058
2.971414804458618
-9.228057861328125
0.42168593406677246
2.9419949054718018
-9.267284393310547
0.34323275089263916
3.0596747398376465
-9.286897659301758
0.4314925968647003
2.991028070449829
-9.188830375671387
0.40207263827323914
2.9616081714630127
-9.13979721069336
0.411879301071167
2.922381639480591
-9.188830375671387
0.411879301071167
2.9812214374542236
-9.13979721069336
0.42168593406677246
2.922381639480591
-9.179023742675781
0.35303938388824463
2.9419949054718018
-9.188830375671387
0.3824593424797058
2.9616081714630127
-9.169217109680176
0.4314925968647003
2.991028070449829
-9.15941047668457
0.40207263827323914
3.0008349418640137
-9.15941047668457
0.4314925968647003
2.9419949054718018
-9.198637008666992
0.42168593406677246
2.9419949054718018
-9.208444595336914
0.3922659754753113
3.010641574859619
-9.21825122833252
0.3334260880947113
3.0008349418640137
-9.21825122833252
0.4314925968647003
2.971414804458618
-9.15941047668457
0.4609125256538391
2.883155107498169
-9.21825122833252
0.42168593406677246
2.9518015384674072
-9.188830375671387
0.3628460466861725
2.9518015384674072
-9.15941047668457
0.37265267968177795
2.9812214374542236
-9.169217109680176
0.32361945509910583
3.049868106842041
-9.179023742675781
0.40207263827323914
3.03025484085083
-9.23786449432373
0.3922659754753113
2.922381639480591
-9.208444595336914
0.35303938388824463
2.883155107498169
-9.21825122833252
0.3628460466861725
3.089094638824463
-9.100570678710938
0.3334260880947113
2.883155107498169
-9.198637008666992
0.4805258512496948
2.922381639480591
-9.198637008666992
0.4314925968647003
2.971414804458618
-9.23786449432373
0.42168593406677246
2.991028070449829
-9.15941047668457
0.42168593406677246
3.010641574859619
-9.13979721069336
0.411879301071167
2.883155107498169
-9.23786449432373
0.42168593406677246
2.9125750064849854
-9.149603843688965
0.3824593424797058
2.8929617404937744
-9.208444595336914
0.4314925968647003
2.9125750064849854
-9.179023742675781
0.37265267968177795
2.9616081714630127
-9.198637008666992
0.40207263827323914
3.0400614738464355
-9.188830375671387
0.47071918845176697
3.069481372833252
-9.208444595336914
0.4314925968647003
2.991028070449829
-9.188830375671387
0.35303938388824463
2.90276837348938
-9.198637008666992
0.3824593424797058
2.9616081714630127
-9.13979721069336
0.45110589265823364
2.8929617404937744
-9.15941047668457
0.40207263827323914
2.90276837348938
-9.286897659301758
0.5687856674194336
2.9616081714630127
-9.208444595336914
0.3922659754753113
2.9812214374542236
-9.208444595336914
0.509945809841156
3.0596747398376465
-9.13979721069336
0.3922659754753113
3.0596747398376465
-9.15941047668457
0.45110589265823364
2.9518015384674072
-9.21825122833252
0.42168593406677246
2.922381639480591
-9.188830375671387
0.4805258512496948
2.883155107498169
-9.23786449432373
0.4903324842453003
2.8537349700927734
-9.198637008666992
0.4412992298603058
2.9518015384674072
-9.13979721069336
0.3922659754753113
2.971414804458618
-9.15941047668457
0.3824593424797058
2.863541841506958
-9.188830375671387
0.40207263827323914
2.9125750064849854
-9.23786449432373
0.4314925968647003
2.9125750064849854
-9.208444595336914
0.411879301071167
3.0400614738464355
-9.169217109680176
0.42168593406677246
3.0596747398376465
-9.198637008666992
0.4903324842453003
2.9419949054718018
-9.257477760314941
0.3628460466861725
2.8929617404937744
-9.247671127319336
0.47071918845176697
3.0008349418640137
-9.179023742675781
0.4314925968647003
2.9125750064849854
-9.198637008666992
0.4609125256538391
2.9419949054718018
-9.169217109680176
0.47071918845176697
2.9419949054718018
-9.13979721069336
0.3824593424797058
2.8537349700927734
-9.21825122833252
0.4314925968647003
2.90276837348938
-9.208444595336914
0.411879301071167
2.9518015384674072
-9.15941047668457
0.4805258512496948
2.8733484745025635
-9.188830375671387
0.3824593424797058
2.883155107498169
-9.198637008666992
0.47071918845176697
2.9321882724761963
-9.208444595336914
0.4412992298603058
2.9419949054718018
-9.208444595336914
0.42168593406677246
2.9321882724761963
-9.257477760314941
0.45110589265823364
2.991028070449829
-9.188830375671387
0.45110589265823364
2.9518015384674072
-9.15941047668457
0.3628460466861725
2.8929617404937744
-9.21825122833252
0.4314925968647003
2.883155107498169
-9.120183944702148
0.4609125256538391
2.8929617404937744
-9.179023742675781
0.3922659754753113
2.9125750064849854
-9.208444595336914
0.5001391172409058
2.8929617404937744
-9.23786449432373
0.4609125256538391
2.9812214374542236
-9.149603843688965
0.37265267968177795
3.0596747398376465
-9.149603843688965
0.42168593406677246
2.922381639480591
-9.208444595336914
0.42168593406677246
2.90276837348938
-9.169217109680176
0.5197524428367615
2.9125750064849854
-9.257477760314941
0.42168593406677246
2.883155107498169
-9.179023742675781
0.5001391172409058
2.922381639480591
-9.179023742675781
0.4412992298603058
2.9518015384674072
-9.13979721069336
0.45110589265823364
2.9125750064849854
-9.169217109680176
0.40207263827323914
2.8537349700927734
-9.208444595336914
0.40207263827323914
2.8929617404937744
-9.208444595336914
0.45110589265823364
2.90276837348938
-9.208444595336914
0.47071918845176697
2.922381639480591
-9.198637008666992
0.40207263827323914
2.9616081714630127
-9.149603843688965
0.411879301071167
2.9616081714630127
-9.198637008666992
0.4609125256538391
3.0008349418640137
-9.188830375671387
0.4314925968647003
3.0204482078552246
-9.21825122833252
0.4412992298603058
2.9125750064849854
-9.188830375671387
0.4412992298603058
2.90276837348938
-9.228057861328125
0.40207263827323914
2.863541841506958
-9.21825122833252
0.47071918845176697
