2.059396505355835
-9.365350723266602
-2.0299766063690186
1.382737636566162
-9.698776245117188
-1.7455836534500122
-1.235637903213501
-12.876131057739258
-2.5693421363830566
-2.1182363033294678
-12.513284683227539
-2.5301156044006348
-1.235637903213501
-9.894909858703613
-1.8828767538070679
-2.4614691734313965
-8.953471183776855
-2.451662540435791
-3.255807638168335
-9.34573745727539
-2.7066352367401123
-3.177354574203491
-11.875852584838867
-3.589233875274658
-1.5200307369232178
-12.4446382522583
-3.746140241622925
-0.6962721347808838
-10.748087882995605
-2.7752819061279297
-0.5197524428367615
-10.336209297180176
-1.9417166709899902
-0.254972904920578
-11.091320991516113
-2.1182363033294678
-1.421964168548584
-10.551955223083496
-3.1283211708068848
-1.3631243705749512
-9.473223686218262
-3.2656142711639404
-1.019891619682312
-8.590624809265137
-3.50097393989563
-0.6472389101982117
-8.296425819396973
-3.62846040725708
-0.5589790344238281
-8.23758602142334
-3.4323275089263916
-0.8335652351379395
-7.766866683959961
-2.7948951721191406
-0.8629851937294006
-7.384407043457031
-2.5693421363830566
-0.26477953791618347
-7.237307548522949
-2.579148769378662
0.37265267968177795
-6.590068817138672
-3.1675479412078857
1.2748644351959229
-5.825150012969971
-3.6774935722351074
2.3339827060699463
-5.226944446563721
-3.6578803062438965
3.069481372833252
-6.452775478363037
-4.177632808685303
3.667686939239502
-8.688692092895508
-5.246557712554932
4.138406276702881
-9.610516548156738
-6.16838264465332
4.864098072052002
-9.335930824279785
-6.227222442626953
4.442412376403809
-9.914523124694824
-6.06050968170166
2.5693421363830566
-12.140632629394531
-6.884268283843994
2.020169734954834
-12.513284683227539
-7.227500915527344
-0.029419949278235435
-10.306788444519043
-7.619766712188721
-3.3440675735473633
-15.514120101928711
-5.80553674697876
-2.8341217041015625
-18.43650245666504
1.1473779678344727
0.019613299518823624
-9.090764045715332
1.1669913530349731
0.5393657088279724
-4.658158779144287
1.0983448028564453
-2.3634026050567627
-4.128599643707275
0.7551120519638062
-2.7948951721191406
-6.756781578063965
1.0689247846603394
-0.8924051523208618
-11.33648681640625
-1.598483920097351
3.3538742065429688
-14.239255905151367
-0.11767979711294174
1.6965503692626953
-10.385242462158203
-0.4609125256538391
-1.1277647018432617
-7.462860584259033
-0.3922659754753113
-1.3238977193832397
-8.45333194732666
-0.9218250513076782
1.3533176183700562
-10.257755279541016
0.0
2.8341217041015625
-10.551955223083496
0.03922659903764725
1.5004174709320068
-9.404577255249023
-0.5687856674194336
-0.16671304404735565
-9.188830375671387
-0.5687856674194336
-0.0784531980752945
-10.022396087646484
-0.4903324842453003
0.9316317439079285
-10.100849151611328
-0.6668521761894226
1.794616937637329
-9.502643585205078
-0.4314925968647003
0.5197524428367615
-9.208444595336914
-0.9708583354949951
-0.26477953791618347
-9.071150779724121
-0.7943386435508728
0.7060787677764893
-9.787036895751953
-1.019891619682312
1.3238977193832397
-10.149882316589355
-1.5788706541061401
1.9221034049987793
-10.012589454650879
-1.1375713348388672
2.736055374145508
-9.443803787231445
-0.4805258512496948
3.236194372177124
-9.022117614746094
-0.3922659754753113
1.7063570022583008
-9.75761604309082
-1.3925442695617676
0.8727918267250061
-9.83607006072998
-1.9417166709899902
2.9321882724761963
-9.492836952209473
-1.5886772871017456
4.520865440368652
-9.934136390686035
-2.922381639480591
3.8638200759887695
-8.54159164428711
-1.235637903213501
2.471275806427002
-9.5418701171875
-2.5399222373962402
1.5690639019012451
-12.189665794372559
-1.2160245180130005
-0.8335652351379395
-12.876131057739258
-1.7063570022583008
-3.3244543075561523
-12.503478050231934
-1.667130470275879
-2.843928337097168
-12.552511215209961
-1.0296982526779175
-2.490889072418213
-13.945055961608887
-1.2944778203964233
-0.5393657088279724
-12.748644828796387
-2.5889556407928467
1.7553902864456177
-10.875574111938477
-3.1675479412078857
2.1084296703338623
-9.659549713134766
-2.392822504043579
0.05883989855647087
-10.82654094696045
-1.9515233039855957
-1.1473779678344727
-11.22861385345459
-2.618375539779663
-1.3533176183700562
-10.336209297180176
-3.049868106842041
-0.725692093372345
-8.904438018798828
-2.3143694400787354
-0.6962721347808838
-7.9041595458984375
-2.3634026050567627
-1.1179580688476563
-7.864933013916016
-2.7066352367401123
-1.0296982526779175
-7.727640151977539
-2.5203089714050293
-0.45110589265823364
-7.041174411773682
-1.9515233039855957
0.019613299518823624
-5.746696949005127
-1.9417166709899902
0.7845319509506226
-4.785645008087158
-2.432049036026001
1.3631243705749512
-4.736611843109131
-3.03025484085083
2.1084296703338623
-5.540757179260254
-3.775560140609741
3.5303938388824463
-6.943108081817627
-4.520865440368652
5.530950546264648
-8.718111991882324
-5.668243408203125
6.305675983428955
-9.718389511108398
-6.2762556076049805
5.834956645965576
-10.610795021057129
-5.354430675506592
3.236194372177124
-12.022953033447266
-6.305675983428955
1.7455836534500122
-13.337043762207031
-8.267005920410156
-0.9022117853164673
-14.150995254516602
-7.825706481933594
-4.37376594543457
-19.534847259521484
-4.383572578430176
-5.91340970993042
-13.768536567687988
-1.2258312702178955
-1.5886772871017456
-7.992419719696045
-0.32361945509910583
3.275420904159546
-5.619210243225098
3.9913065433502197
2.490889072418213
-4.511058807373047
1.980943202972412
1.1375713348388672
-4.079566478729248
1.019891619682312
0.9120184183120728
-8.061065673828125
-2.0103631019592285
1.45138418674469
-14.631521224975586
-0.06864655017852783
2.039783239364624
-14.38635540008545
-1.1179580688476563
-1.5690639019012451
-9.43399715423584
-0.9708583354949951
-2.245722770690918
-8.757338523864746
-0.7747253179550171
-0.2059396505355835
-9.267284393310547
0.509945809841156
1.6279038190841675
-9.75761604309082
1.0591181516647339
1.7848103046417236
-9.316317558288574
0.4314925968647003
0.8924051523208618
-9.73800277709961
-0.8924051523208618
-0.10787314921617508
-10.061622619628906
-1.039504885673523
0.3922659754753113
-9.404577255249023
-0.3922659754753113
1.1767979860305786
-8.718111991882324
-0.21574629843235016
1.039504885673523
-8.982891082763672
-0.5197524428367615
0.8629851937294006
-9.600709915161133
-1.2846710681915283
1.4808040857315063
-9.83607006072998
-1.5102241039276123
2.245722770690918
-9.708582878112793
-0.7747253179550171
2.9518015384674072
-9.384963989257813
-0.3824593424797058
3.5402004718780518
-9.728196144104004
-0.8629851937294006
2.991028070449829
-9.83607006072998
-1.6867437362670898
1.8436501026153564
-10.061622619628906
-1.7357770204544067
2.9321882724761963
-9.75761604309082
-1.5886772871017456
4.746418476104736
-9.767423629760742
-2.1574628353118896
5.256364345550537
-9.394770622253418
-1.6769371032714844
3.0792880058288574
-12.91535758972168
-3.1381278038024902
-0.03922659903764725
-13.415496826171875
-1.794616937637329
-2.432049036026001
-12.199472427368164
-0.8727918267250061
-3.216581106185913
-11.836626052856445
-1.5396440029144287
-2.3535959720611572
-12.885937690734863
-0.4805258512496948
-0.7943386435508728
-12.974197387695313
-0.4903324842453003
1.9417166709899902
-10.699054718017578
-1.9319100379943848
2.3634026050567627
-10.2283353805542
-3.1675479412078857
1.4906107187271118
-11.463973999023438
-2.226109504699707
-0.3334260880947113
-11.532620429992676
-2.510502338409424
-0.13729310035705566
-10.944221496582031
-3.363680839538574
-0.2059396505355835
-9.865489959716797
-2.4418559074401855
-0.6668521761894226
-8.07087230682373
-1.7357770204544067
-1.4415775537490845
-7.227500915527344
-2.167269706726074
-0.8139519095420837
-7.1000142097473145
-2.28494930267334
-0.6080122590065002
-6.756781578063965
-2.4222424030303955
-0.411879301071167
-6.325289249420166
-2.2751426696777344
-0.09806649386882782
-5.589790344238281
-2.245722770690918
0.3824593424797058
-5.0798444747924805
-2.3634026050567627
1.3729310035705566
-4.903325080871582
-2.8145084381103516
2.7164418697357178
-5.91340970993042
-3.873626708984375
3.9814999103546143
-8.002225875854492
-5.57017707824707
5.629016876220703
-9.963556289672852
-7.217694282531738
6.737168312072754
-11.532620429992676
-7.0804009437561035
5.521143913269043
-13.552789688110352
-7.5118937492370605
1.9122966527938843
-15.249340057373047
-8.05125904083252
0.627625584602356
-10.169495582580566
-7.560926914215088
-1.5102241039276123
-9.94394302368164
-6.697941780090332
-2.8537349700927734
-15.720059394836426
-2.4026291370391846
-1.5396440029144287
-14.474615097045898
2.147656202316284
3.0989012718200684
-9.414383888244629
-0.9022117853164673
1.421964168548584
-5.452497482299805
2.559535503387451
-0.2843928337097168
-3.7657535076141357
-1.206217885017395
-0.21574629843235016
-5.550563812255859
2.637988805770874
0.7943386435508728
-13.072263717651367
0.6570455431938171
1.7357770204544067
-15.053207397460938
-0.3334260880947113
-0.37265267968177795
-10.385242462158203
-1.6082905530929565
-1.980943202972412
-8.080678939819336
-0.8531785011291504
-0.7453053593635559
-8.718111991882324
0.23535959422588348
1.4906107187271118
-9.767423629760742
0.42168593406677246
2.5203089714050293
-9.581096649169922
0.4609125256538391
2.1574628353118896
-8.649465560913086
-0.019613299518823624
1.1964112520217896
-8.973084449768066
-0.8825984597206116
0.9120184183120728
-10.218528747558594
-0.6178189516067505
1.2748644351959229
-10.43427562713623
-0.9610517024993896
1.1081514358520508
-9.208444595336914
-0.5883989930152893
0.9120184183120728
-9.002504348754883
-1.3435109853744507
0.990471601486206
-9.875296592712402
-1.3042844533920288
1.5004174709320068
-10.189108848571777
-1.039504885673523
1.833843469619751
-9.522256851196289
-0.7845319509506226
2.785088539123535
-8.56120491027832
-0.26477953791618347
3.5402004718780518
-8.159132957458496
-0.8433718681335449
3.03025484085083
-9.32612419128418
-1.3533176183700562
2.471275806427002
-10.483308792114258
-1.3042844533920288
2.637988805770874
-10.571568489074707
-1.206217885017395
4.050146579742432
-10.336209297180176
-2.696828603744507
5.226944446563721
-9.855683326721191
-2.3535959720611572
4.962164878845215
-10.277368545532227
-2.3634026050567627
2.4418559074401855
-13.51356315612793
-2.373209238052368
-0.18632633984088898
-11.924885749816895
-2.0495898723602295
-2.510502338409424
-11.33648681640625
-1.3631243705749512
-2.7164418697357178
-11.081514358520508
-0.7943386435508728
-1.5494506359100342
-12.20927906036377
-0.14709974825382233
0.06864655017852783
-14.150995254516602
-0.35303938388824463
1.5004174709320068
-12.630965232849121
-2.4614691734313965
1.833843469619751
-11.061901092529297
-2.245722770690918
-0.2843928337097168
-11.669913291931152
-1.647517204284668
-0.2843928337097168
-10.875574111938477
-2.167269706726074
0.32361945509910583
-9.826263427734375
-2.451662540435791
0.6472389101982117
-9.45361042022705
-2.9321882724761963
-0.5001391172409058
-8.659272193908691
-2.0692031383514404
-1.3533176183700562
-7.9826130867004395
-1.9221034049987793
-1.3925442695617676
-7.394214153289795
-1.7455836534500122
-1.0983448028564453
-6.864655017852783
-2.039783239364624
-0.6668521761894226
-6.29586935043335
-1.9417166709899902
-0.27458620071411133
-5.4328837394714355
-2.039783239364624
0.4314925968647003
-5.040617942810059
-2.392822504043579
1.235637903213501
-5.530950546264648
-3.0400614738464355
2.5203089714050293
-6.678328514099121
-3.9716930389404297
4.589511871337891
-8.825984954833984
-5.226944446563721
5.521143913269043
-10.189108848571777
-6.5018086433410645
5.746696949005127
-10.983448028564453
-6.442968845367432
5.579983711242676
-11.669913291931152
-5.982056140899658
3.4519407749176025
-12.660385131835938
-6.835235118865967
2.3830158710479736
-10.689248085021973
-8.72791862487793
0.4609125256538391
-8.05125904083252
-7.25692081451416
-3.520587205886841
-13.601822853088379
-5.236751079559326
-2.392822504043579
-17.367576599121094
-0.725692093372345
2.3634026050567627
-12.944777488708496
1.186604619026184
2.3535959720611572
-8.217972755432129
-0.23535959422588348
0.22555294632911682
-3.442134141921997
0.0784531980752945
-0.16671304404735565
-3.177354574203491
1.3729310035705566
-0.029419949278235435
-9.257477760314941
2.3535959720611572
1.980943202972412
-14.533454895019531
-0.32361945509910583
2.28494930267334
-13.356657028198242
-0.5491724014282227
-1.5788706541061401
-8.708305358886719
-1.7848103046417236
-2.147656202316284
-7.462860584259033
-0.8041452765464783
-0.03922659903764725
-8.914244651794434
0.17651969194412231
2.3830158710479736
-9.826263427734375
-0.08825984597206116
2.696828603744507
-9.208444595336914
-0.2843928337097168
2.1770763397216797
-8.825984954833984
-0.6178189516067505
1.5298373699188232
-9.875296592712402
-1.010084867477417
0.7747253179550171
-10.198915481567383
-1.0591181516647339
1.0002782344818115
-9.532063484191895
-0.7747253179550171
1.2258312702178955
-9.188830375671387
-0.5687856674194336
1.5200307369232178
-10.03220272064209
-0.5001391172409058
1.45138418674469
-10.336209297180176
-0.9414383769035339
1.1375713348388672
-9.806650161743164
-1.5298373699188232
2.0495898723602295
-9.404577255249023
-1.0591181516647339
3.62846040725708
-9.110377311706543
0.019613299518823624
3.9716930389404297
-9.090764045715332
-0.10787314921617508
2.1574628353118896
-9.777230262756348
-0.9414383769035339
0.6864655017852783
-10.444082260131836
-1.3925442695617676
1.6573238372802734
-10.110655784606934
-0.9512450098991394
3.255807638168335
-9.992976188659668
-1.794616937637329
3.932466506958008
-10.0518159866333
-2.8733484745025635
2.736055374145508
-8.973084449768066
-1.794616937637329
3.03025484085083
-10.218528747558594
-2.41243577003479
1.6279038190841675
-12.081792831420898
-2.991028070449829
0.6178189516067505
-10.571568489074707
-1.618097186088562
-1.6965503692626953
-11.395326614379883
-2.696828603744507
-1.2748644351959229
-13.082070350646973
-1.0689247846603394
-0.24516624212265015
-15.612186431884766
0.5687856674194336
1.4611908197402954
-12.787871360778809
-1.6279038190841675
1.5298373699188232
-10.954028129577637
-2.90276837348938
2.4026291370391846
-10.640214920043945
-2.9518015384674072
1.9907499551773071
-10.346015930175781
-2.245722770690918
1.2846710681915283
-10.502922058105469
-3.196967840194702
0.11767979711294174
-10.03220272064209
-2.9616081714630127
-0.254972904920578
-8.914244651794434
-1.9221034049987793
-0.8433718681335449
-7.698220252990723
-1.6082905530929565
-0.9316317439079285
-7.286340713500977
-1.6769371032714844
-0.42168593406677246
-7.354987144470215
-2.2555294036865234
-0.127486452460289
-7.011754512786865
-2.2163028717041016
0.45110589265823364
-6.178189277648926
-2.000556468963623
0.8335652351379395
-5.168104648590088
-1.647517204284668
0.8531785011291504
-5.0602312088012695
-2.1084296703338623
1.2748644351959229
-5.864376544952393
-3.3048410415649414
2.5889556407928467
-7.394214153289795
-4.393379211425781
4.099179744720459
-8.8554048538208
-5.158297538757324
4.4620256423950195
-9.826263427734375
-6.825428009033203
5.403463840484619
-10.65002155303955
-7.021561145782471
5.825150012969971
-12.375991821289063
-6.286062717437744
3.2460010051727295
-12.91535758972168
-7.198081016540527
2.186882972717285
-8.776951789855957
-7.698220252990723
-1.0885381698608398
-8.394492149353027
-6.364515781402588
-3.50097393989563
-16.27903938293457
-2.1280429363250732
-1.0885381698608398
-18.50514793395996
0.127486452460289
4.197246074676514
-11.954305648803711
-2.510502338409424
1.2650578022003174
-5.452497482299805
2.598762273788452
-0.24516624212265015
-2.000556468963623
-0.5491724014282227
-0.6962721347808838
-2.90276837348938
2.9125750064849854
-0.156906396150589
-11.856239318847656
1.7455836534500122
2.4222424030303955
-17.396997451782227
-0.8139519095420837
1.402350902557373
-11.993532180786133
-1.1767979860305786
-2.4810824394226074
-8.090486526489258
-0.3040061295032501
-2.30456280708313
-7.874739646911621
0.05883989855647087
0.4609125256538391
-9.188830375671387
0.7354987263679504
2.167269706726074
-9.708582878112793
0.7354987263679504
2.1966896057128906
-9.277091026306152
-0.254972904920578
1.4121575355529785
-9.73800277709961
-0.8139519095420837
0.8139519095420837
-10.424468994140625
-0.6570455431938171
1.3729310035705566
-9.532063484191895
-0.3824593424797058
1.3631243705749512
-8.639657974243164
-0.5687856674194336
1.2944778203964233
-9.228057861328125
-1.1277647018432617
1.3729310035705566
-9.983169555664063
-1.1571847200393677
1.4611908197402954
-9.983169555664063
-1.2748644351959229
1.9417166709899902
-9.424190521240234
-1.1571847200393677
3.334260940551758
-8.83579158782959
-0.5491724014282227
4.491445541381836
-8.620044708251953
-0.32361945509910583
3.62846040725708
-9.32612419128418
-1.3042844533920288
2.579148769378662
-9.94394302368164
-1.6965503692626953
2.9321882724761963
-9.885103225708008
-1.1767979860305786
4.099179744720459
-10.091042518615723
-1.794616937637329
6.031089782714844
-10.669634819030762
-2.1770763397216797
4.442412376403809
-12.925164222717285
-2.9518015384674072
0.6080122590065002
-13.435110092163086
-2.5006957054138184
-2.30456280708313
-11.414939880371094
-1.6867437362670898
-3.1185145378112793
-11.316873550415039
-1.3729310035705566
-2.7948951721191406
-12.10140609741211
0.03922659903764725
-1.9319100379943848
-13.660662651062012
-0.34323275089263916
0.8433718681335449
-12.20927906036377
-1.3238977193832397
2.7164418697357178
-10.895188331604004
-2.863541841506958
2.1770763397216797
-11.875852584838867
-1.8828767538070679
0.6864655017852783
-11.954305648803711
-2.3437893390655518
0.5393657088279724
-10.493115425109863
-2.657602071762085
0.45110589265823364
-9.335930824279785
-2.9321882724761963
-0.04903324693441391
-8.325845718383789
-2.020169734954834
-0.6570455431938171
-7.629573345184326
-2.5399222373962402
-0.9316317439079285
-7.178467750549316
-2.1574628353118896
-0.5491724014282227
-6.717555046081543
-1.863263487815857
-0.47071918845176697
-6.305675983428955
-1.6867437362670898
-0.40207263827323914
-5.530950546264648
-1.794616937637329
0.4412992298603058
-4.82487154006958
-2.373209238052368
1.5298373699188232
-4.756225109100342
-3.049868106842041
2.736055374145508
-5.413270473480225
-3.62846040725708
4.540478706359863
-7.325567245483398
-4.736611843109131
6.129156112670898
-9.75761604309082
-6.580262184143066
6.864655017852783
-10.855960845947266
-7.227500915527344
5.80553674697876
-11.9346923828125
-6.796008110046387
3.4323275089263916
-13.464529991149902
-7.011754512786865
2.1966896057128906
-12.022953033447266
-7.894352912902832
0.009806649759411812
-11.983725547790527
-7.874739646911621
-1.9319100379943848
-17.759841918945313
-4.746418476104736
-1.1964112520217896
-13.876409530639648
0.3628460466861725
2.1084296703338623
-6.756781578063965
1.833843469619751
0.029419949278235435
-5.109264373779297
0.5393657088279724
-0.23535959422588348
-3.4519407749176025
-0.7845319509506226
1.382737636566162
-5.256364345550537
2.5006957054138184
1.647517204284668
-13.101683616638184
1.4808040857315063
3.236194372177124
-16.024065017700195
-1.3140910863876343
0.8335652351379395
-11.14035415649414
-1.647517204284668
-1.7848103046417236
-8.159132957458496
-1.5004174709320068
-1.3925442695617676
-8.25719928741455
-0.13729310035705566
1.0296982526779175
-9.571290016174316
0.29419949650764465
2.7948951721191406
-9.983169555664063
0.11767979711294174
2.451662540435791
-9.090764045715332
-0.313812792301178
1.7161637544631958
-9.188830375671387
-0.5001391172409058
0.8727918267250061
-10.404855728149414
-1.0689247846603394
0.9316317439079285
-9.767423629760742
-1.1964112520217896
1.5102241039276123
-8.708305358886719
-0.7551120519638062
1.7750035524368286
-8.845598220825195
-0.8629851937294006
2.020169734954834
-9.590903282165527
-0.7845319509506226
1.9711365699768066
-9.728196144104004
-1.186604619026184
2.059396505355835
-9.375157356262207
-1.421964168548584
2.6281821727752686
-8.512171745300293
-0.6374322175979614
3.3734874725341797
-8.580818176269531
-0.509945809841156
3.1381278038024902
-9.286897659301758
-1.3042844533920288
2.8537349700927734
-9.561483383178711
-1.3631243705749512
3.5794272422790527
-9.571290016174316
-0.3824593424797058
3.7657535076141357
-10.306788444519043
-2.3634026050567627
4.60912561416626
-9.983169555664063
-1.7848103046417236
4.677772045135498
-11.189387321472168
-2.3830158710479736
2.7556686401367188
-13.768536567687988
-2.4418559074401855
0.37265267968177795
-12.12101936340332
-2.3437893390655518
-2.471275806427002
-11.307066917419434
-1.7750035524368286
-3.2067744731903076
-11.12074089050293
-1.2258312702178955
-2.5399222373962402
-12.326958656311035
-0.6766588091850281
-0.5982056260108948
-13.925442695617676
-0.6570455431938171
2.4614691734313965
-11.052094459533691
-2.8537349700927734
3.608847141265869
-9.973362922668457
-3.3538742065429688
1.7750035524368286
-11.238420486450195
-1.9711365699768066
1.1179580688476563
-11.50320053100586
-2.392822504043579
1.0885381698608398
-10.502922058105469
-2.5889556407928467
0.6668521761894226
-9.590903282165527
-2.7164418697357178
-0.3334260880947113
-8.345458984375
-1.9711365699768066
-1.2258312702178955
-7.766866683959961
-2.2163028717041016
-0.823758602142334
-7.384407043457031
-2.020169734954834
-0.6472389101982117
-6.952914714813232
-2.000556468963623
-0.24516624212265015
-6.413548946380615
-1.8828767538070679
0.156906396150589
-5.57017707824707
-1.8044235706329346
0.5883989930152893
-4.736611843109131
-1.980943202972412
1.2258312702178955
-4.962164878845215
-2.8341217041015625
2.5497288703918457
-6.217415809631348
-4.1089863777160645
4.60912561416626
-8.296425819396973
-5.609403610229492
6.688135147094727
-10.238142013549805
-7.011754512786865
7.031367778778076
-10.699054718017578
-7.472667217254639
5.795730113983154
-11.316873550415039
-6.619488716125488
3.0400614738464355
-12.787871360778809
-7.1392412185668945
1.9122966527938843
-10.296981811523438
-7.7570600509643555
-0.5785923600196838
-8.688692092895508
-7.178467750549316
-3.520587205886841
-16.8674373626709
-4.618932247161865
-1.45138418674469
-17.975589752197266
2.4418559074401855
3.8638200759887695
-9.532063484191895
-1.2650578022003174
0.27458620071411133
-6.070316314697266
0.9120184183120728
-0.17651969194412231
-3.6971070766448975
-0.7747253179550171
1.1081514358520508
-4.334539413452148
2.7458620071411133
0.7158854603767395
-10.493115425109863
1.6965503692626953
3.461747407913208
-15.023787498474121
-0.8335652351379395
2.736055374145508
-12.679998397827148
-1.9122966527938843
-0.5295590758323669
-8.796565055847168
-1.8044235706329346
-1.4121575355529785
-7.619766712188721
-0.3334260880947113
0.40207263827323914
-9.080957412719727
-0.0784531980752945
2.265336036682129
-9.92432975769043
0.05883989855647087
3.010641574859619
-9.463417053222656
0.35303938388824463
2.3634026050567627
-9.090764045715332
-0.11767979711294174
1.5788706541061401
-9.698776245117188
-0.8335652351379395
1.1964112520217896
-10.149882316589355
-1.0002782344818115
1.833843469619751
-9.247671127319336
-0.8629851937294006
1.8436501026153564
-8.982891082763672
-0.990471601486206
1.980943202972412
-9.777230262756348
-0.7649186849594116
2.0103631019592285
-9.973362922668457
-0.8531785011291504
1.9122966527938843
-9.110377311706543
-1.6965503692626953
2.6477954387664795
-8.659272193908691
-0.990471601486206
3.589233875274658
-8.355265617370605
0.05883989855647087
3.2852277755737305
-9.05153751373291
-0.47071918845176697
2.1182363033294678
-10.169495582580566
-1.1767979860305786
2.5889556407928467
-10.43427562713623
-1.3631243705749512
3.383294105529785
-10.189108848571777
-1.4611908197402954
4.844484806060791
-9.610516548156738
-1.7063570022583008
6.462582111358643
-9.551676750183105
-1.4808040857315063
4.599318504333496
-12.974197387695313
-3.5402004718780518
0.9120184183120728
-13.444916725158691
-3.932466506958008
-1.4709974527359009
-11.52281379699707
-2.0299766063690186
-2.3830158710479736
-11.552233695983887
-1.6867437362670898
-1.5298373699188232
-12.375991821289063
-0.254972904920578
-0.725692093372345
-14.180415153503418
0.3040061295032501
1.5886772871017456
-13.29781723022461
-2.0103631019592285
3.5107805728912354
-10.954028129577637
-2.7066352367401123
2.5301156044006348
-11.581653594970703
-2.1378495693206787
2.245722770690918
-10.728474617004395
-3.236194372177124
1.7161637544631958
-10.110655784606934
-2.971414804458618
1.2160245180130005
-8.708305358886719
-2.765475273132324
0.127486452460289
-7.85512638092041
-1.9221034049987793
-0.8139519095420837
-7.482473850250244
-2.079009771347046
-0.9022117853164673
-7.050981044769287
-2.000556468963623
-0.5687856674194336
-6.531228542327881
-1.8926833868026733
-0.47071918845176697
-5.952636241912842
-1.8534568548202515
-0.3922659754753113
-5.109264373779297
-1.7553902864456177
0.0784531980752945
-4.452219009399414
-2.0888164043426514
1.0983448028564453
-4.56989860534668
-2.804701805114746
2.41243577003479
-6.286062717437744
-4.216859340667725
4.560091972351074
-8.884824752807617
-5.5113372802734375
6.9333014488220215
-11.081514358520508
-7.560926914215088
7.443247318267822
-11.365906715393066
-8.276812553405762
6.756781578063965
-11.277647018432617
-7.335373878479004
3.5303938388824463
-12.709418296813965
-6.639101982116699
1.7750035524368286
-10.346015930175781
-7.4040207862854
-0.16671304404735565
-8.894631385803223
-6.903881549835205
-3.0400614738464355
-16.26923179626465
-5.844763278961182
-1.8534568548202515
-16.47517204284668
1.1473779678344727
3.196967840194702
-9.747809410095215
-1.4906107187271118
0.9708583354949951
-7.629573345184326
0.42168593406677246
0.0784531980752945
-4.265892505645752
0.6668521761894226
0.32361945509910583
-4.697385311126709
2.2947559356689453
1.4906107187271118
-10.110655784606934
0.7158854603767395
3.912853240966797
-14.11176872253418
-0.5197524428367615
2.3143694400787354
-12.287732124328613
-1.598483920097351
-0.7943386435508728
-8.708305358886719
-1.3140910863876343
-1.45138418674469
-8.07087230682373
-0.8041452765464783
0.22555294632911682
-9.188830375671387
0.127486452460289
2.020169734954834
-9.777230262756348
0.13729310035705566
2.883155107498169
-9.277091026306152
0.313812792301178
2.6477954387664795
-9.090764045715332
-0.5393657088279724
1.7357770204544067
-9.767423629760742
-0.9708583354949951
1.3337043523788452
-9.659549713134766
-0.7845319509506226
1.431770920753479
-9.080957412719727
-0.7453053593635559
1.5690639019012451
-9.188830375671387
-1.010084867477417
1.6082905530929565
-10.022396087646484
-1.1375713348388672
1.7161637544631958
-10.198915481567383
-1.3140910863876343
1.5494506359100342
-9.590903282165527
-1.2160245180130005
2.0495898723602295
-8.698498725891113
-0.5491724014282227
2.9419949054718018
-8.374878883361816
-0.32361945509910583
3.422520875930786
-8.767145156860352
-0.5883989930152893
2.7164418697357178
-9.81645679473877
-0.8727918267250061
2.167269706726074
-10.32640266418457
-1.2160245180130005
2.579148769378662
-10.071429252624512
-1.2454445362091064
3.9422731399536133
-10.14007568359375
-2.000556468963623
5.364237308502197
-9.561483383178711
-1.647517204284668
6.286062717437744
-10.934414863586426
-2.471275806427002
4.069759845733643
-13.631242752075195
-2.7458620071411133
0.9218250513076782
-13.033037185668945
-2.5399222373962402
-1.5886772871017456
-11.326680183410645
-1.4906107187271118
-2.039783239364624
-10.885381698608398
-1.1081514358520508
-0.8629851937294006
-11.9346923828125
-0.10787314921617508
0.5589790344238281
-13.131104469299316
-0.19613298773765564
2.971414804458618
-11.258033752441406
-1.7063570022583008
3.7657535076141357
-10.159688949584961
-1.9907499551773071
1.2258312702178955
-12.22889232635498
-1.6769371032714844
1.039504885673523
-11.660106658935547
-2.3437893390655518
1.2748644351959229
-10.336209297180176
-2.7066352367401123
1.1964112520217896
-9.375157356262207
-2.2555294036865234
0.2843928337097168
-8.580818176269531
-1.45138418674469
-0.7354987263679504
-7.972806453704834
-1.833843469619751
-0.9708583354949951
-7.413827419281006
-1.8436501026153564
-0.29419949650764465
-6.688135147094727
-1.9417166709899902
-0.14709974825382233
-6.325289249420166
-1.7651969194412231
-0.18632633984088898
-5.57017707824707
-1.667130470275879
0.029419949278235435
-5.0602312088012695
-2.167269706726074
0.8629851937294006
-5.168104648590088
-2.843928337097168
2.471275806427002
-6.393935680389404
-3.873626708984375
3.9422731399536133
-8.306232452392578
-4.873904705047607
5.364237308502197
-9.796843528747559
-6.845041751861572
6.521421909332275
-10.03220272064209
-8.110099792480469
7.551120281219482
-10.561761856079102
-6.903881549835205
5.668243408203125
-12.091599464416504
-5.9036030769348145
2.765475273132324
-11.61107349395752
-6.550841808319092
1.8436501026153564
-7.168661117553711
-7.1000142097473145
-2.373209238052368
-10.296981811523438
-5.766310214996338
-3.6186537742614746
-17.259702682495117
-1.235637903213501
0.6570455431938171
-15.700446128845215
1.2454445362091064
5.6780500411987305
-10.73828125
-3.089094638824463
0.8139519095420837
-6.609682083129883
3.049868106842041
-0.5295590758323669
-2.8537349700927734
-0.6374322175979614
-0.47071918845176697
-5.030811309814453
1.7357770204544067
2.079009771347046
-11.9346923828125
0.17651969194412231
3.3538742065429688
-14.553068161010742
-1.0296982526779175
1.2846710681915283
-10.551955223083496
-1.7357770204544067
-1.7455836534500122
-8.061065673828125
-1.3238977193832397
-0.3040061295032501
-7.864933013916016
-0.5491724014282227
2.432049036026001
-9.404577255249023
0.127486452460289
3.961886405944824
-9.796843528747559
0.26477953791618347
3.4715540409088135
-8.963277816772461
-0.5295590758323669
1.980943202972412
-9.100570678710938
-1.1669913530349731
0.9316317439079285
-9.973362922668457
-1.010084867477417
1.1179580688476563
-9.728196144104004
-0.4805258512496948
1.2846710681915283
-9.355544090270996
-0.6962721347808838
1.5298373699188232
-9.64974308013916
-0.8041452765464783
1.598483920097351
-10.091042518615723
-0.7943386435508728
2.079009771347046
-10.2283353805542
-1.7553902864456177
2.696828603744507
-9.81645679473877
-0.8139519095420837
2.843928337097168
-8.953471183776855
-0.42168593406677246
3.069481372833252
-8.365072250366211
-0.23535959422588348
3.1283211708068848
-9.149603843688965
-0.4412992298603058
2.4810824394226074
-9.94394302368164
-1.1375713348388672
2.863541841506958
-9.973362922668457
-1.0787314176559448
3.8834333419799805
-9.532063484191895
-1.5494506359100342
4.873904705047607
-9.149603843688965
-2.1084296703338623
5.972249507904053
-9.5418701171875
-1.833843469619751
3.726526975631714
-12.974197387695313
-3.1871612071990967
1.1081514358520508
-12.797677993774414
-2.4026291370391846
-0.4412992298603058
-11.081514358520508
-1.8730701208114624
-1.9024900197982788
-11.454167366027832
-1.4808040857315063
-2.0299766063690186
-12.326958656311035
-0.29419949650764465
-0.9610517024993896
-13.974475860595703
-0.3334260880947113
1.9711365699768066
-12.130825996398926
-1.8730701208114624
3.0989012718200684
-10.375435829162598
-2.6281821727752686
2.1966896057128906
-11.316873550415039
-2.598762273788452
1.6082905530929565
-10.787314414978027
-2.4810824394226074
1.8730701208114624
-10.493115425109863
-3.1381278038024902
1.0983448028564453
-9.875296592712402
-2.4418559074401855
-0.29419949650764465
-8.23758602142334
-1.667130470275879
-0.8335652351379395
-7.560926914215088
-2.059396505355835
-0.725692093372345
-7.60015344619751
-2.098623037338257
-0.34323275089263916
-7.119627952575684
-2.2947559356689453
-0.13729310035705566
-6.5606489181518555
-2.265336036682129
-0.10787314921617508
-5.844763278961182
-1.9613299369812012
0.3040061295032501
-5.040617942810059
-2.020169734954834
1.2258312702178955
-4.873904705047607
-2.5301156044006348
2.5497288703918457
-5.727083683013916
-3.854013442993164
4.167826175689697
-7.649186611175537
-5.177911281585693
6.874461650848389
-10.287175178527832
-7.021561145782471
8.002225875854492
-10.806927680969238
-8.012032508850098
7.207887649536133
-10.149882316589355
-6.5606489181518555
4.589511871337891
-11.071707725524902
-6.433162212371826
2.9125750064849854
-10.983448028564453
-7.4040207862854
2.5399222373962402
-6.923494815826416
-7.1490478515625
-1.4121575355529785
-8.365072250366211
-4.638545513153076
-3.5303938388824463
-18.573795318603516
-1.1473779678344727
0.19613298773765564
-19.328907012939453
0.23535959422588348
6.746974945068359
-9.747809410095215
-2.5497288703918457
-0.27458620071411133
-5.148490905761719
1.980943202972412
-2.6477954387664795
-2.4810824394226074
-0.6668521761894226
-0.9316317439079285
-4.020726203918457
2.5497288703918457
2.3143694400787354
-12.601545333862305
1.421964168548584
3.9226598739624023
-15.876965522766113
-1.3435109853744507
1.206217885017395
-10.355822563171387
-1.667130470275879
-2.0692031383514404
-8.14932632446289
-0.5785923600196838
-1.2846710681915283
-8.404298782348633
0.03922659903764725
1.7553902864456177
-9.473223686218262
0.7649186849594116
3.2067744731903076
-9.502643585205078
0.5197524428367615
3.147934675216675
-8.982891082763672
-0.23535959422588348
2.41243577003479
-9.424190521240234
-0.6766588091850281
1.6082905530929565
-10.208722114562988
-0.0784531980752945
1.8044235706329346
-9.45361042022705
-0.3628460466861725
1.980943202972412
-8.816178321838379
-0.45110589265823364
1.9417166709899902
-9.659549713134766
-0.9806649684906006
1.833843469619751
-9.826263427734375
-1.235637903213501
1.5004174709320068
-10.091042518615723
-1.1964112520217896
1.8828767538070679
-9.041730880737305
-0.823758602142334
3.383294105529785
-8.698498725891113
-0.5491724014282227
4.560091972351074
-8.639657974243164
-0.26477953791618347
3.795173406600952
-9.061344146728516
-0.8041452765464783
2.1770763397216797
-10.071429252624512
-1.5886772871017456
2.471275806427002
-10.012589454650879
-1.235637903213501
4.138406276702881
-9.75761604309082
-1.8534568548202515
6.384129047393799
-9.179023742675781
-1.6573238372802734
6.678328514099121
-11.346293449401855
-3.1675479412078857
3.0792880058288574
-14.268675804138184
-2.883155107498169
-0.5491724014282227
-12.71922492980957
-2.2947559356689453
-1.9319100379943848
-11.797399520874023
-1.637710452079773
-2.206496238708496
-11.983725547790527
-0.725692093372345
-1.6867437362670898
-13.346850395202637
0.0784531980752945
0.42168593406677246
-12.876131057739258
-1.1964112520217896
3.2852277755737305
-10.375435829162598
-2.3339827060699463
4.079566478729248
-11.179580688476563
-2.7066352367401123
1.7357770204544067
-12.140632629394531
-1.8926833868026733
1.9613299369812012
-11.061901092529297
-2.7458620071411133
1.1669913530349731
-9.571290016174316
-2.5203089714050293
0.3628460466861725
-8.463138580322266
-2.1280429363250732
-0.4609125256538391
-7.521700382232666
-1.647517204284668
-0.8433718681335449
-7.178467750549316
-1.7848103046417236
